-0.0184275 0
-0.0184185 0
-0.0184095 0
-0.0184005 0
-0.0183915 0
-0.0183825 0
-0.0183735 0
-0.0183645 0
-0.0183555 0
-0.0183465 0
-0.0183375 0
-0.0183285 0
-0.0183195 0
-0.0183105 0
-0.0183015 0
-0.0182925 0
-0.0182835 0
-0.0182745 0
-0.0182655 0
-0.0182565 0
-0.0182475 0
-0.0182385 0
-0.0182295 0
-0.0182206 0
-0.0182116 0
-0.0182026 0
-0.0181936 0
-0.0181846 0
-0.0181756 0
-0.0181666 0
-0.0181576 0
-0.0181486 0
-0.0181396 0
-0.0181306 0
-0.0181216 0
-0.0181126 0
-0.0181036 0
-0.0180946 0
-0.0180856 0
-0.0180766 0
-0.0180676 0
-0.0180586 0
-0.0180496 0
-0.0180406 0
-0.0180316 0
-0.0180226 0
-0.0180136 0
-0.0180046 0
-0.0179956 0
-0.0179866 0
-0.0179776 0
-0.0179686 0
-0.0179596 0
-0.0179506 0
-0.0179416 0
-0.0179326 0
-0.0179236 0
-0.0179146 0
-0.0179056 0
-0.0178966 0
-0.0178876 0
-0.0178786 0
-0.0178696 0
-0.0178606 0
-0.0178516 0
-0.0178426 0
-0.0178336 0
-0.0178246 0
-0.0178157 0
-0.0178067 0
-0.0177977 0
-0.0177887 0
-0.0177797 0
-0.0177707 0
-0.0177617 0
-0.0177527 0
-0.0177437 0
-0.0177347 0
-0.0177257 0
-0.0177167 0
-0.0177077 0
-0.0176987 0
-0.0176897 0
-0.0176807 0
-0.0176717 0
-0.0176627 0
-0.0176537 0
-0.0176447 0
-0.0176357 0
-0.0176267 0
-0.0176177 0
-0.0176087 0
-0.0175997 0
-0.0175907 0
-0.0175817 0
-0.0175727 0
-0.0175637 0
-0.0175547 0
-0.0175457 0
-0.0175367 0
-0.0175277 0
-0.0175187 0
-0.0175097 0
-0.0175007 0
-0.0174917 0
-0.0174827 0
-0.0174737 0
-0.0174647 0
-0.0174557 0
-0.0174467 0
-0.0174377 0
-0.0174287 0
-0.0174197 0
-0.0174107 0
-0.0174018 0
-0.0173928 0
-0.0173838 0
-0.0173748 0
-0.0173658 0
-0.0173568 0
-0.0173478 0
-0.0173388 0
-0.0173298 0
-0.0173208 0
-0.0173118 0
-0.0173028 0
-0.0172938 0
-0.0172848 0
-0.0172758 0
-0.0172668 0
-0.0172578 0
-0.0172488 0
-0.0172398 0
-0.0172308 0
-0.0172218 0
-0.0172128 0
-0.0172038 0
-0.0171948 0
-0.0171858 0
-0.0171768 0
-0.0171678 0
-0.0171588 0
-0.0171498 0
-0.0171408 0
-0.0171318 0
-0.0171228 0
-0.0171138 0
-0.0171048 0
-0.0170958 0
-0.0170868 0
-0.0170778 0
-0.0170688 0
-0.0170598 0
-0.0170508 0
-0.0170418 0
-0.0170328 0
-0.0170238 0
-0.0170148 0
-0.0170058 0
-0.0169969 0
-0.0169879 0
-0.0169789 0
-0.0169699 0
-0.0169609 0
-0.0169519 0
-0.0169429 0
-0.0169339 0
-0.0169249 0
-0.0169159 0
-0.0169069 0
-0.0168979 0
-0.0168889 0
-0.0168799 0
-0.0168709 0
-0.0168619 0
-0.0168529 0
-0.0168439 0
-0.0168349 0
-0.0168259 0
-0.0168169 0
-0.0168079 0
-0.0167989 0
-0.0167899 0
-0.0167809 0
-0.0167719 0
-0.0167629 0
-0.0167539 0
-0.0167449 0
-0.0167359 0
-0.0167269 0
-0.0167179 0
-0.0167089 0
-0.0166999 0
-0.0166909 0
-0.0166819 0
-0.0166729 0
-0.0166639 0
-0.0166549 0
-0.0166459 0
-0.0166369 0
-0.0166279 0
-0.0166189 0
-0.0166099 0
-0.0166009 0
-0.0165919 0
-0.016583 0
-0.016574 0
-0.016565 0
-0.016556 0
-0.016547 0
-0.016538 0
-0.016529 0
-0.01652 0
-0.016511 0
-0.016502 0
-0.016493 0
-0.016484 0
-0.016475 0
-0.016466 0
-0.016457 0
-0.016448 0
-0.016439 0
-0.01643 0
-0.016421 0
-0.016412 0
-0.016403 0
-0.016394 0
-0.016385 0
-0.016376 0
-0.016367 0
-0.016358 0
-0.016349 0
-0.01634 0
-0.016331 0
-0.016322 0
-0.016313 0
-0.016304 0
-0.016295 0
-0.016286 0
-0.016277 0
-0.016268 0
-0.016259 0
-0.01625 0
-0.016241 0
-0.016232 0
-0.016223 0
-0.016214 0
-0.016205 0
-0.016196 0
-0.016187 0
-0.0161781 0
-0.0161691 0
-0.0161601 0
-0.0161511 0
-0.0161421 0
-0.0161331 0
-0.0161241 0
-0.0161151 0
-0.0161061 0
-0.0160971 0
-0.0160881 0
-0.0160791 0
-0.0160701 0
-0.0160611 0
-0.0160521 0
-0.0160431 0
-0.0160341 0
-0.0160251 0
-0.0160161 0
-0.0160071 0
-0.0159981 0
-0.0159891 0
-0.0159801 0
-0.0159711 0
-0.0159621 0
-0.0159531 0
-0.0159441 0
-0.0159351 0
-0.0159261 0
-0.0159171 0
-0.0159081 0
-0.0158991 0
-0.0158901 0
-0.0158811 0
-0.0158721 0
-0.0158631 0
-0.0158541 0
-0.0158451 0
-0.0158361 0
-0.0158271 0
-0.0158181 0
-0.0158091 0
-0.0158001 0
-0.0157911 0
-0.0157821 0
-0.0157731 0
-0.0157642 0
-0.0157552 0
-0.0157462 0
-0.0157372 0
-0.0157282 0
-0.0157192 0
-0.0157102 0
-0.0157012 0
-0.0156922 0
-0.0156832 0
-0.0156742 0
-0.0156652 0
-0.0156562 0
-0.0156472 0
-0.0156382 0
-0.0156292 0
-0.0156202 0
-0.0156112 0
-0.0156022 0
-0.0155932 0
-0.0155842 0
-0.0155752 0
-0.0155662 0
-0.0155572 0
-0.0155482 0
-0.0155392 0
-0.0155302 0
-0.0155212 0
-0.0155122 0
-0.0155032 0
-0.0154942 0
-0.0154852 0
-0.0154762 0
-0.0154672 0
-0.0154582 0
-0.0154492 0
-0.0154402 0
-0.0154312 0
-0.0154222 0
-0.0154132 0
-0.0154042 0
-0.0153952 0
-0.0153862 0
-0.0153772 0
-0.0153682 0
-0.0153593 0
-0.0153503 0
-0.0153413 0
-0.0153323 0
-0.0153233 0
-0.0153143 0
-0.0153053 0
-0.0152963 0
-0.0152873 0
-0.0152783 0
-0.0152693 0
-0.0152603 0
-0.0152513 0
-0.0152423 0
-0.0152333 0
-0.0152243 0
-0.0152153 0
-0.0152063 0
-0.0151973 0
-0.0151883 0
-0.0151793 0
-0.0151703 0
-0.0151613 0
-0.0151523 0
-0.0151433 0
-0.0151343 0
-0.0151253 0
-0.0151163 0
-0.0151073 0
-0.0150983 0
-0.0150893 0
-0.0150803 0
-0.0150713 0
-0.0150623 0
-0.0150533 0
-0.0150443 0
-0.0150353 0
-0.0150263 0
-0.0150173 0
-0.0150083 0
-0.0149993 0
-0.0149903 0
-0.0149813 0
-0.0149723 0
-0.0149633 0
-0.0149543 0
-0.0149454 0
-0.0149364 0
-0.0149274 0
-0.0149184 0
-0.0149094 0
-0.0149004 0
-0.0148914 0
-0.0148824 0
-0.0148734 0
-0.0148644 0
-0.0148554 0
-0.0148464 0
-0.0148374 0
-0.0148284 0
-0.0148194 0
-0.0148104 0
-0.0148014 0
-0.0147924 0
-0.0147834 0
-0.0147744 0
-0.0147654 0
-0.0147564 0
-0.0147474 0
-0.0147384 0
-0.0147294 0
-0.0147204 0
-0.0147114 0
-0.0147024 0
-0.0146934 0
-0.0146844 0
-0.0146754 0
-0.0146664 0
-0.0146574 0
-0.0146484 0
-0.0146394 0
-0.0146304 0
-0.0146214 0
-0.0146124 0
-0.0146034 0
-0.0145944 0
-0.0145854 0
-0.0145764 0
-0.0145674 0
-0.0145584 0
-0.0145494 0
-0.0145405 0
-0.0145315 0
-0.0145225 0
-0.0145135 0
-0.0145045 0
-0.0144955 0
-0.0144865 0
-0.0144775 0
-0.0144685 0
-0.0144595 0
-0.0144505 0
-0.0144415 0
-0.0144325 0
-0.0144235 0
-0.0144145 0
-0.0144055 0
-0.0143965 0
-0.0143875 0
-0.0143785 0
-0.0143695 0
-0.0143605 0
-0.0143515 0
-0.0143425 0
-0.0143335 0
-0.0143245 0
-0.0143155 0
-0.0143065 0
-0.0142975 0
-0.0142885 0
-0.0142795 0
-0.0142705 0
-0.0142615 0
-0.0142525 0
-0.0142435 0
-0.0142345 0
-0.0142255 0
-0.0142165 0
-0.0142075 0
-0.0141985 0
-0.0141895 0
-0.0141805 0
-0.0141715 0
-0.0141625 0
-0.0141535 0
-0.0141445 0
-0.0141355 0
-0.0141266 0
-0.0141176 0
-0.0141086 0
-0.0140996 0
-0.0140906 0
-0.0140816 0
-0.0140726 0
-0.0140636 0
-0.0140546 0
-0.0140456 0
-0.0140366 0
-0.0140276 0
-0.0140186 0
-0.0140096 0
-0.0140006 0
-0.0139916 0
-0.0139826 0
-0.0139736 0
-0.0139646 0
-0.0139556 0
-0.0139466 0
-0.0139376 0
-0.0139286 0
-0.0139196 0
-0.0139106 0
-0.0139016 0
-0.0138926 0
-0.0138836 0
-0.0138746 0
-0.0138656 0
-0.0138566 0
-0.0138476 0
-0.0138386 0
-0.0138296 0
-0.0138206 0
-0.0138116 0
-0.0138026 0
-0.0137936 0
-0.0137846 0
-0.0137756 0
-0.0137666 0
-0.0137576 0
-0.0137486 0
-0.0137396 0
-0.0137306 0
-0.0137216 0
-0.0137127 0
-0.0137037 0
-0.0136947 0
-0.0136857 0
-0.0136767 0
-0.0136677 0
-0.0136587 0
-0.0136497 0
-0.0136407 0
-0.0136317 0
-0.0136227 0
-0.0136137 0
-0.0136047 0
-0.0135957 0
-0.0135867 0
-0.0135777 0
-0.0135687 0
-0.0135597 0
-0.0135507 0
-0.0135417 0
-0.0135327 0
-0.0135237 0
-0.0135147 0
-0.0135057 0
-0.0134967 0
-0.0134877 0
-0.0134787 0
-0.0134697 0
-0.0134607 0
-0.0134517 0
-0.0134427 0
-0.0134337 0
-0.0134247 0
-0.0134157 0
-0.0134067 0
-0.0133977 0
-0.0133887 0
-0.0133797 0
-0.0133707 0
-0.0133617 0
-0.0133527 0
-0.0133437 0
-0.0133347 0
-0.0133257 0
-0.0133167 0
-0.0133078 0
-0.0132988 0
-0.0132898 0
-0.0132808 0
-0.0132718 0
-0.0132628 0
-0.0132538 0
-0.0132448 0
-0.0132358 0
-0.0132268 0
-0.0132178 0
-0.0132088 0
-0.0131998 0
-0.0131908 0
-0.0131818 0
-0.0131728 0
-0.0131638 0
-0.0131548 0
-0.0131458 0
-0.0131368 0
-0.0131278 0
-0.0131188 0
-0.0131098 0
-0.0131008 0
-0.0130918 0
-0.0130828 0
-0.0130738 0
-0.0130648 0
-0.0130558 0
-0.0130468 0
-0.0130378 0
-0.0130288 0
-0.0130198 0
-0.0130108 0
-0.0130018 0
-0.0129928 0
-0.0129838 0
-0.0129748 0
-0.0129658 0
-0.0129568 0
-0.0129478 0
-0.0129388 0
-0.0129298 0
-0.0129208 0
-0.0129118 0
-0.0129028 0
-0.0128939 0
-0.0128849 0
-0.0128759 0
-0.0128669 0
-0.0128579 0
-0.0128489 0
-0.0128399 0
-0.0128309 0
-0.0128219 0
-0.0128129 0
-0.0128039 0
-0.0127949 0
-0.0127859 0
-0.0127769 0
-0.0127679 0
-0.0127589 0
-0.0127499 0
-0.0127409 0
-0.0127319 0
-0.0127229 0
-0.0127139 0
-0.0127049 0
-0.0126959 0
-0.0126869 0
-0.0126779 0
-0.0126689 0
-0.0126599 0
-0.0126509 0
-0.0126419 0
-0.0126329 0
-0.0126239 0
-0.0126149 0
-0.0126059 0
-0.0125969 0
-0.0125879 0
-0.0125789 0
-0.0125699 0
-0.0125609 0
-0.0125519 0
-0.0125429 0
-0.0125339 0
-0.0125249 0
-0.0125159 0
-0.0125069 0
-0.0124979 0
-0.012489 0
-0.01248 0
-0.012471 0
-0.012462 0
-0.012453 0
-0.012444 0
-0.012435 0
-0.012426 0
-0.012417 0
-0.012408 0
-0.012399 0
-0.01239 0
-0.012381 0
-0.012372 0
-0.012363 0
-0.012354 0
-0.012345 0
-0.012336 0
-0.012327 0
-0.012318 0
-0.012309 0
-0.0123 0
-0.012291 0
-0.012282 0
-0.012273 0
-0.012264 0
-0.012255 0
-0.012246 0
-0.012237 0
-0.012228 0
-0.012219 0
-0.01221 0
-0.012201 0
-0.012192 0
-0.012183 0
-0.012174 0
-0.012165 0
-0.012156 0
-0.012147 0
-0.012138 0
-0.012129 0
-0.01212 0
-0.012111 0
-0.012102 0
-0.012093 0
-0.012084 0
-0.0120751 0
-0.0120661 0
-0.0120571 0
-0.0120481 0
-0.0120391 0
-0.0120301 0
-0.0120211 0
-0.0120121 0
-0.0120031 0
-0.0119941 0
-0.0119851 0
-0.0119761 0
-0.0119671 0
-0.0119581 0
-0.0119491 0
-0.0119401 0
-0.0119311 0
-0.0119221 0
-0.0119131 0
-0.0119041 0
-0.0118951 0
-0.0118861 0
-0.0118771 0
-0.0118681 0
-0.0118591 0
-0.0118501 0
-0.0118411 0
-0.0118321 0
-0.0118231 0
-0.0118141 0
-0.0118051 0
-0.0117961 0
-0.0117871 0
-0.0117781 0
-0.0117691 0
-0.0117601 0
-0.0117511 0
-0.0117421 0
-0.0117331 0
-0.0117241 0
-0.0117151 0
-0.0117061 0
-0.0116971 0
-0.0116881 0
-0.0116791 0
-0.0116702 0
-0.0116612 0
-0.0116522 0
-0.0116432 0
-0.0116342 0
-0.0116252 0
-0.0116162 0
-0.0116072 0
-0.0115982 0
-0.0115892 0
-0.0115802 0
-0.0115712 0
-0.0115622 0
-0.0115532 0
-0.0115442 0
-0.0115352 0
-0.0115262 0
-0.0115172 0
-0.0115082 0
-0.0114992 0
-0.0114902 0
-0.0114812 0
-0.0114722 0
-0.0114632 0
-0.0114542 0
-0.0114452 0
-0.0114362 0
-0.0114272 0
-0.0114182 0
-0.0114092 0
-0.0114002 0
-0.0113912 0
-0.0113822 0
-0.0113732 0
-0.0113642 0
-0.0113552 0
-0.0113462 0
-0.0113372 0
-0.0113282 0
-0.0113192 0
-0.0113102 0
-0.0113012 0
-0.0112922 0
-0.0112832 0
-0.0112742 0
-0.0112652 0
-0.0112563 0
-0.0112473 0
-0.0112383 0
-0.0112293 0
-0.0112203 0
-0.0112113 0
-0.0112023 0
-0.0111933 0
-0.0111843 0
-0.0111753 0
-0.0111663 0
-0.0111573 0
-0.0111483 0
-0.0111393 0
-0.0111303 0
-0.0111213 0
-0.0111123 0
-0.0111033 0
-0.0110943 0
-0.0110853 0
-0.0110763 0
-0.0110673 0
-0.0110583 0
-0.0110493 0
-0.0110403 0
-0.0110313 0
-0.0110223 0
-0.0110133 0
-0.0110043 0
-0.0109953 0
-0.0109863 0
-0.0109773 0
-0.0109683 0
-0.0109593 0
-0.0109503 0
-0.0109413 0
-0.0109323 0
-0.0109233 0
-0.0109143 0
-0.0109053 0
-0.0108963 0
-0.0108873 0
-0.0108783 0
-0.0108693 0
-0.0108603 0
-0.0108514 0
-0.0108424 0
-0.0108334 0
-0.0108244 0
-0.0108154 0
-0.0108064 0
-0.0107974 0
-0.0107884 0
-0.0107794 0
-0.0107704 0
-0.0107614 0
-0.0107524 0
-0.0107434 0
-0.0107344 0
-0.0107254 0
-0.0107164 0
-0.0107074 0
-0.0106984 0
-0.0106894 0
-0.0106804 0
-0.0106714 0
-0.0106624 0
-0.0106534 0
-0.0106444 0
-0.0106354 0
-0.0106264 0
-0.0106174 0
-0.0106084 0
-0.0105994 0
-0.0105904 0
-0.0105814 0
-0.0105724 0
-0.0105634 0
-0.0105544 0
-0.0105454 0
-0.0105364 0
-0.0105274 0
-0.0105184 0
-0.0105094 0
-0.0105004 0
-0.0104914 0
-0.0104824 0
-0.0104734 0
-0.0104644 0
-0.0104554 0
-0.0104464 0
-0.0104375 0
-0.0104285 0
-0.0104195 0
-0.0104105 0
-0.0104015 0
-0.0103925 0
-0.0103835 0
-0.0103745 0
-0.0103655 0
-0.0103565 0
-0.0103475 0
-0.0103385 0
-0.0103295 0
-0.0103205 0
-0.0103115 0
-0.0103025 0
-0.0102935 0
-0.0102845 0
-0.0102755 0
-0.0102665 0
-0.0102575 0
-0.0102485 0
-0.0102395 0
-0.0102305 0
-0.0102215 0
-0.0102125 0
-0.0102035 0
-0.0101945 0
-0.0101855 0
-0.0101765 0
-0.0101675 0
-0.0101585 0
-0.0101495 0
-0.0101405 0
-0.0101315 0
-0.0101225 0
-0.0101135 0
-0.0101045 0
-0.0100955 0
-0.0100865 0
-0.0100775 0
-0.0100685 0
-0.0100595 0
-0.0100505 0
-0.0100415 0
-0.0100326 0
-0.0100236 0
-0.0100146 0
-0.0100056 0
-0.00999656 0
-0.00998756 0
-0.00997856 0
-0.00996957 0
-0.00996057 0
-0.00995157 0
-0.00994257 0
-0.00993357 0
-0.00992458 0
-0.00991558 0
-0.00990658 0
-0.00989758 0
-0.00988859 0
-0.00987959 0
-0.00987059 0
-0.00986159 0
-0.00985259 0
-0.0098436 0
-0.0098346 0
-0.0098256 0
-0.0098166 0
-0.00980761 0
-0.00979861 0
-0.00978961 0
-0.00978061 0
-0.00977161 0
-0.00976262 0
-0.00975362 0
-0.00974462 0
-0.00973562 0
-0.00972663 0
-0.00971763 0
-0.00970863 0
-0.00969963 0
-0.00969063 0
-0.00968164 0
-0.00967264 0
-0.00966364 0
-0.00965464 0
-0.00964565 0
-0.00963665 0
-0.00962765 0
-0.00961865 0
-0.00960965 0
-0.00960066 0
-0.00959166 0
-0.00958266 0
-0.00957366 0
-0.00956466 0
-0.00955567 0
-0.00954667 0
-0.00953767 0
-0.00952867 0
-0.00951968 0
-0.00951068 0
-0.00950168 0
-0.00949268 0
-0.00948368 0
-0.00947469 0
-0.00946569 0
-0.00945669 0
-0.00944769 0
-0.0094387 0
-0.0094297 0
-0.0094207 0
-0.0094117 0
-0.0094027 0
-0.00939371 0
-0.00938471 0
-0.00937571 0
-0.00936671 0
-0.00935772 0
-0.00934872 0
-0.00933972 0
-0.00933072 0
-0.00932172 0
-0.00931273 0
-0.00930373 0
-0.00929473 0
-0.00928573 0
-0.00927674 0
-0.00926774 0
-0.00925874 0
-0.00924974 0
-0.00924074 0
-0.00923175 0
-0.00922275 0
-0.00921375 0
-0.00920475 0
-0.00919575 0
-0.00918676 0
-0.00917776 0
-0.00916876 0
-0.00915976 0
-0.00915077 0
-0.00914177 0
-0.00913277 0
-0.00912377 0
-0.00911477 0
-0.00910578 0
-0.00909678 0
-0.00908778 0
-0.00907878 0
-0.00906979 0
-0.00906079 0
-0.00905179 0
-0.00904279 0
-0.00903379 0
-0.0090248 0
-0.0090158 0
-0.0090068 0
-0.0089978 0
-0.00898881 0
-0.00897981 0
-0.00897081 0
-0.00896181 0
-0.00895281 0
-0.00894382 0
-0.00893482 0
-0.00892582 0
-0.00891682 0
-0.00890783 0
-0.00889883 0
-0.00888983 0
-0.00888083 0
-0.00887183 0
-0.00886284 0
-0.00885384 0
-0.00884484 0
-0.00883584 0
-0.00882685 0
-0.00881785 0
-0.00880885 0
-0.00879985 0
-0.00879085 0
-0.00878186 0
-0.00877286 0
-0.00876386 0
-0.00875486 0
-0.00874586 0
-0.00873687 0
-0.00872787 0
-0.00871887 0
-0.00870987 0
-0.00870088 0
-0.00869188 0
-0.00868288 0
-0.00867388 0
-0.00866488 0
-0.00865589 0
-0.00864689 0
-0.00863789 0
-0.00862889 0
-0.0086199 0
-0.0086109 0
-0.0086019 0
-0.0085929 0
-0.0085839 0
-0.00857491 0
-0.00856591 0
-0.00855691 0
-0.00854791 0
-0.00853892 0
-0.00852992 0
-0.00852092 0
-0.00851192 0
-0.00850292 0
-0.00849393 0
-0.00848493 0
-0.00847593 0
-0.00846693 0
-0.00845794 0
-0.00844894 0
-0.00843994 0
-0.00843094 0
-0.00842194 0
-0.00841295 0
-0.00840395 0
-0.00839495 0
-0.00838595 0
-0.00837695 0
-0.00836796 0
-0.00835896 0
-0.00834996 0
-0.00834096 0
-0.00833197 0
-0.00832297 0
-0.00831397 0
-0.00830497 0
-0.00829597 0
-0.00828698 0
-0.00827798 0
-0.00826898 0
-0.00825998 0
-0.00825099 0
-0.00824199 0
-0.00823299 0
-0.00822399 0
-0.00821499 0
-0.008206 0
-0.008197 0
-0.008188 0
-0.008179 0
-0.00817001 0
-0.00816101 0
-0.00815201 0
-0.00814301 0
-0.00813401 0
-0.00812502 0
-0.00811602 0
-0.00810702 0
-0.00809802 0
-0.00808903 0
-0.00808003 0
-0.00807103 0
-0.00806203 0
-0.00805303 0
-0.00804404 0
-0.00803504 0
-0.00802604 0
-0.00801704 0
-0.00800804 0
-0.00799905 0
-0.00799005 0
-0.00798105 0
-0.00797205 0
-0.00796306 0
-0.00795406 0
-0.00794506 0
-0.00793606 0
-0.00792706 0
-0.00791807 0
-0.00790907 0
-0.00790007 0
-0.00789107 0
-0.00788208 0
-0.00787308 0
-0.00786408 0
-0.00785508 0
-0.00784608 0
-0.00783709 0
-0.00782809 0
-0.00781909 0
-0.00781009 0
-0.0078011 0
-0.0077921 0
-0.0077831 0
-0.0077741 0
-0.0077651 0
-0.00775611 0
-0.00774711 0
-0.00773811 0
-0.00772911 0
-0.00772012 0
-0.00771112 0
-0.00770212 0
-0.00769312 0
-0.00768412 0
-0.00767513 0
-0.00766613 0
-0.00765713 0
-0.00764813 0
-0.00763913 0
-0.00763014 0
-0.00762114 0
-0.00761214 0
-0.00760314 0
-0.00759415 0
-0.00758515 0
-0.00757615 0
-0.00756715 0
-0.00755815 0
-0.00754916 0
-0.00754016 0
-0.00753116 0
-0.00752216 0
-0.00751317 0
-0.00750417 0
-0.00749517 0
-0.00748617 0
-0.00747717 0
-0.00746818 0
-0.00745918 0
-0.00745018 0
-0.00744118 0
-0.00743219 0
-0.00742319 0
-0.00741419 0
-0.00740519 0
-0.00739619 0
-0.0073872 0
-0.0073782 0
-0.0073692 0
-0.0073602 0
-0.00735121 0
-0.00734221 0
-0.00733321 0
-0.00732421 0
-0.00731521 0
-0.00730622 0
-0.00729722 0
-0.00728822 0
-0.00727922 0
-0.00727023 0
-0.00726123 0
-0.00725223 0
-0.00724323 0
-0.00723423 0
-0.00722524 0
-0.00721624 0
-0.00720724 0
-0.00719824 0
-0.00718924 0
-0.00718025 0
-0.00717125 0
-0.00716225 0
-0.00715325 0
-0.00714426 0
-0.00713526 0
-0.00712626 0
-0.00711726 0
-0.00710826 0
-0.00709927 0
-0.00709027 0
-0.00708127 0
-0.00707227 0
-0.00706328 0
-0.00705428 0
-0.00704528 0
-0.00703628 0
-0.00702728 0
-0.00701829 0
-0.00700929 0
-0.00700029 0
-0.00699129 0
-0.0069823 0
-0.0069733 0
-0.0069643 0
-0.0069553 0
-0.0069463 0
-0.00693731 0
-0.00692831 0
-0.00691931 0
-0.00691031 0
-0.00690132 0
-0.00689232 0
-0.00688332 0
-0.00687432 0
-0.00686532 0
-0.00685633 0
-0.00684733 0
-0.00683833 0
-0.00682933 0
-0.00682033 0
-0.00681134 0
-0.00680234 0
-0.00679334 0
-0.00678434 0
-0.00677535 0
-0.00676635 0
-0.00675735 0
-0.00674835 0
-0.00673935 0
-0.00673036 0
-0.00672136 0
-0.00671236 0
-0.00670336 0
-0.00669437 0
-0.00668537 0
-0.00667637 0
-0.00666737 0
-0.00665837 0
-0.00664938 0
-0.00664038 0
-0.00663138 0
-0.00662238 0
-0.00661339 0
-0.00660439 0
-0.00659539 0
-0.00658639 0
-0.00657739 0
-0.0065684 0
-0.0065594 0
-0.0065504 0
-0.0065414 0
-0.00653241 0
-0.00652341 0
-0.00651441 0
-0.00650541 0
-0.00649641 0
-0.00648742 0
-0.00647842 0
-0.00646942 0
-0.00646042 0
-0.00645142 0
-0.00644243 0
-0.00643343 0
-0.00642443 0
-0.00641543 0
-0.00640644 0
-0.00639744 0
-0.00638844 0
-0.00637944 0
-0.00637044 0
-0.00636145 0
-0.00635245 0
-0.00634345 0
-0.00633445 0
-0.00632546 0
-0.00631646 0
-0.00630746 0
-0.00629846 0
-0.00628946 0
-0.00628047 0
-0.00627147 0
-0.00626247 0
-0.00625347 0
-0.00624448 0
-0.00623548 0
-0.00622648 0
-0.00621748 0
-0.00620848 0
-0.00619949 0
-0.00619049 0
-0.00618149 0
-0.00617249 0
-0.0061635 0
-0.0061545 0
-0.0061455 0
-0.0061365 0
-0.0061275 0
-0.00611851 0
-0.00610951 0
-0.00610051 0
-0.00609151 0
-0.00608252 0
-0.00607352 0
-0.00606452 0
-0.00605552 0
-0.00604652 0
-0.00603753 0
-0.00602853 0
-0.00601953 0
-0.00601053 0
-0.00600153 0
-0.00599254 0
-0.00598354 0
-0.00597454 0
-0.00596554 0
-0.00595655 0
-0.00594755 0
-0.00593855 0
-0.00592955 0
-0.00592055 0
-0.00591156 0
-0.00590256 0
-0.00589356 0
-0.00588456 0
-0.00587557 0
-0.00586657 0
-0.00585757 0
-0.00584857 0
-0.00583957 0
-0.00583058 0
-0.00582158 0
-0.00581258 0
-0.00580358 0
-0.00579459 0
-0.00578559 0
-0.00577659 0
-0.00576759 0
-0.00575859 0
-0.0057496 0
-0.0057406 0
-0.0057316 0
-0.0057226 0
-0.00571361 0
-0.00570461 0
-0.00569561 0
-0.00568661 0
-0.00567761 0
-0.00566862 0
-0.00565962 0
-0.00565062 0
-0.00564162 0
-0.00563262 0
-0.00562363 0
-0.00561463 0
-0.00560563 0
-0.00559663 0
-0.00558764 0
-0.00557864 0
-0.00556964 0
-0.00556064 0
-0.00555164 0
-0.00554265 0
-0.00553365 0
-0.00552465 0
-0.00551565 0
-0.00550666 0
-0.00549766 0
-0.00548866 0
-0.00547966 0
-0.00547066 0
-0.00546167 0
-0.00545267 0
-0.00544367 0
-0.00543467 0
-0.00542568 0
-0.00541668 0
-0.00540768 0
-0.00539868 0
-0.00538968 0
-0.00538069 0
-0.00537169 0
-0.00536269 0
-0.00535369 0
-0.0053447 0
-0.0053357 0
-0.0053267 0
-0.0053177 0
-0.0053087 0
-0.00529971 0
-0.00529071 0
-0.00528171 0
-0.00527271 0
-0.00526371 0
-0.00525472 0
-0.00524572 0
-0.00523672 0
-0.00522772 0
-0.00521873 0
-0.00520973 0
-0.00520073 0
-0.00519173 0
-0.00518273 0
-0.00517374 0
-0.00516474 0
-0.00515574 0
-0.00514674 0
-0.00513775 0
-0.00512875 0
-0.00511975 0
-0.00511075 0
-0.00510175 0
-0.00509276 0
-0.00508376 0
-0.00507476 0
-0.00506576 0
-0.00505677 0
-0.00504777 0
-0.00503877 0
-0.00502977 0
-0.00502077 0
-0.00501178 0
-0.00500278 0
-0.00499378 0
-0.00498478 0
-0.00497579 0
-0.00496679 0
-0.00495779 0
-0.00494879 0
-0.00493979 0
-0.0049308 0
-0.0049218 0
-0.0049128 0
-0.0049038 0
-0.0048948 0
-0.00488581 0
-0.00487681 0
-0.00486781 0
-0.00485881 0
-0.00484982 0
-0.00484082 0
-0.00483182 0
-0.00482282 0
-0.00481382 0
-0.00480483 0
-0.00479583 0
-0.00478683 0
-0.00477783 0
-0.00476884 0
-0.00475984 0
-0.00475084 0
-0.00474184 0
-0.00473284 0
-0.00472385 0
-0.00471485 0
-0.00470585 0
-0.00469685 0
-0.00468786 0
-0.00467886 0
-0.00466986 0
-0.00466086 0
-0.00465186 0
-0.00464287 0
-0.00463387 0
-0.00462487 0
-0.00461587 0
-0.00460688 0
-0.00459788 0
-0.00458888 0
-0.00457988 0
-0.00457088 0
-0.00456189 0
-0.00455289 0
-0.00454389 0
-0.00453489 0
-0.0045259 0
-0.0045169 0
-0.0045079 0
-0.0044989 0
-0.0044899 0
-0.00448091 0
-0.00447191 0
-0.00446291 0
-0.00445391 0
-0.00444491 0
-0.00443592 0
-0.00442692 0
-0.00441792 0
-0.00440892 0
-0.00439993 0
-0.00439093 0
-0.00438193 0
-0.00437293 0
-0.00436393 0
-0.00435494 0
-0.00434594 0
-0.00433694 0
-0.00432794 0
-0.00431895 0
-0.00430995 0
-0.00430095 0
-0.00429195 0
-0.00428295 0
-0.00427396 0
-0.00426496 0
-0.00425596 0
-0.00424696 0
-0.00423797 0
-0.00422897 0
-0.00421997 0
-0.00421097 0
-0.00420197 0
-0.00419298 0
-0.00418398 0
-0.00417498 0
-0.00416598 0
-0.00415699 0
-0.00414799 0
-0.00413899 0
-0.00412999 0
-0.00412099 0
-0.004112 0
-0.004103 0
-0.004094 0
-0.004085 0
-0.004076 0
-0.00406701 0
-0.00405801 0
-0.00404901 0
-0.00404001 0
-0.00403102 0
-0.00402202 0
-0.00401302 0
-0.00400402 0
-0.00399502 0
-0.00398603 0
-0.00397703 0
-0.00396803 0
-0.00395903 0
-0.00395004 0
-0.00394104 0
-0.00393204 0
-0.00392304 0
-0.00391404 0
-0.00390505 0
-0.00389605 0
-0.00388705 0
-0.00387805 0
-0.00386906 0
-0.00386006 0
-0.00385106 0
-0.00384206 0
-0.00383306 0
-0.00382407 0
-0.00381507 0
-0.00380607 0
-0.00379707 0
-0.00378808 0
-0.00377908 0
-0.00377008 0
-0.00376108 0
-0.00375208 0
-0.00374309 0
-0.00373409 0
-0.00372509 0
-0.00371609 0
-0.00370709 0
-0.0036981 0
-0.0036891 0
-0.0036801 0
-0.0036711 0
-0.00366211 0
-0.00365311 0
-0.00364411 0
-0.00363511 0
-0.00362611 0
-0.00361712 0
-0.00360812 0
-0.00359912 0
-0.00359012 0
-0.00358113 0
-0.00357213 0
-0.00356313 0
-0.00355413 0
-0.00354513 0
-0.00353614 0
-0.00352714 0
-0.00351814 0
-0.00350914 0
-0.00350015 0
-0.00349115 0
-0.00348215 0
-0.00347315 0
-0.00346415 0
-0.00345516 0
-0.00344616 0
-0.00343716 0
-0.00342816 0
-0.00341917 0
-0.00341017 0
-0.00340117 0
-0.00339217 0
-0.00338317 0
-0.00337418 0
-0.00336518 0
-0.00335618 0
-0.00334718 0
-0.00333819 0
-0.00332919 0
-0.00332019 0
-0.00331119 0
-0.00330219 0
-0.0032932 0
-0.0032842 0
-0.0032752 0
-0.0032662 0
-0.0032572 0
-0.00324821 0
-0.00323921 0
-0.00323021 0
-0.00322121 0
-0.00321222 0
-0.00320322 0
-0.00319422 0
-0.00318522 0
-0.00317622 0
-0.00316723 0
-0.00315823 0
-0.00314923 0
-0.00314023 0
-0.00313124 0
-0.00312224 0
-0.00311324 0
-0.00310424 0
-0.00309524 0
-0.00308625 0
-0.00307725 0
-0.00306825 0
-0.00305925 0
-0.00305026 0
-0.00304126 0
-0.00303226 0
-0.00302326 0
-0.00301426 0
-0.00300527 0
-0.00299627 0
-0.00298727 0
-0.00297827 0
-0.00296928 0
-0.00296028 0
-0.00295128 0
-0.00294228 0
-0.00293328 0
-0.00292429 0
-0.00291529 0
-0.00290629 0
-0.00289729 0
-0.00288829 0
-0.0028793 0
-0.0028703 0
-0.0028613 0
-0.0028523 0
-0.00284331 0
-0.00283431 0
-0.00282531 0
-0.00281631 0
-0.00280731 0
-0.00279832 0
-0.00278932 0
-0.00278032 0
-0.00277132 0
-0.00276233 0
-0.00275333 0
-0.00274433 0
-0.00273533 0
-0.00272633 0
-0.00271734 0
-0.00270834 0
-0.00269934 0
-0.00269034 0
-0.00268135 0
-0.00267235 0
-0.00266335 0
-0.00265435 0
-0.00264535 0
-0.00263636 0
-0.00262736 0
-0.00261836 0
-0.00260936 0
-0.00260037 0
-0.00259137 0
-0.00258237 0
-0.00257337 0
-0.00256437 0
-0.00255538 0
-0.00254638 0
-0.00253738 0
-0.00252838 0
-0.00251938 0
-0.00251039 0
-0.00250139 0
-0.00249239 0
-0.00248339 0
-0.0024744 0
-0.0024654 0
-0.0024564 0
-0.0024474 0
-0.0024384 0
-0.00242941 0
-0.00242041 0
-0.00241141 0
-0.00240241 0
-0.00239342 0
-0.00238442 0
-0.00237542 0
-0.00236642 0
-0.00235742 0
-0.00234843 0
-0.00233943 0
-0.00233043 0
-0.00232143 0
-0.00231244 0
-0.00230344 0
-0.00229444 0
-0.00228544 0
-0.00227644 0
-0.00226745 0
-0.00225845 0
-0.00224945 0
-0.00224045 0
-0.00223146 0
-0.00222246 0
-0.00221346 0
-0.00220446 0
-0.00219546 0
-0.00218647 0
-0.00217747 0
-0.00216847 0
-0.00215947 0
-0.00215047 0
-0.00214148 0
-0.00213248 0
-0.00212348 0
-0.00211448 0
-0.00210549 0
-0.00209649 0
-0.00208749 0
-0.00207849 0
-0.00206949 0
-0.0020605 0
-0.0020515 0
-0.0020425 0
-0.0020335 0
-0.00202451 0
-0.00201551 0
-0.00200651 0
-0.00199751 0
-0.00198851 0
-0.00197952 0
-0.00197052 0
-0.00196152 0
-0.00195252 0
-0.00194353 0
-0.00193453 0
-0.00192553 0
-0.00191653 0
-0.00190753 0
-0.00189854 0
-0.00188954 0
-0.00188054 0
-0.00187154 0
-0.00186255 0
-0.00185355 0
-0.00184455 0
-0.00183555 0
-0.00182655 0
-0.00181756 0
-0.00180856 0
-0.00179956 0
-0.00179056 0
-0.00178157 0
-0.00177257 0
-0.00176357 0
-0.00175457 0
-0.00174557 0
-0.00173658 0
-0.00172758 0
-0.00171858 0
-0.00170958 0
-0.00170058 0
-0.00169159 0
-0.00168259 0
-0.00167359 0
-0.00166459 0
-0.0016556 0
-0.0016466 0
-0.0016376 0
-0.0016286 0
-0.0016196 0
-0.00161061 0
-0.00160161 0
-0.00159261 0
-0.00158361 0
-0.00157462 0
-0.00156562 0
-0.00155662 0
-0.00154762 0
-0.00153862 0
-0.00152963 0
-0.00152063 0
-0.00151163 0
-0.00150263 0
-0.00149364 0
-0.00148464 0
-0.00147564 0
-0.00146664 0
-0.00145764 0
-0.00144865 0
-0.00143965 0
-0.00143065 0
-0.00142165 0
-0.00141266 0
-0.00140366 0
-0.00139466 0
-0.00138566 0
-0.00137666 0
-0.00136767 0
-0.00135867 0
-0.00134967 0
-0.00134067 0
-0.00133167 0
-0.00132268 0
-0.00131368 0
-0.00130468 0
-0.00129568 0
-0.00128669 0
-0.00127769 0
-0.00126869 0
-0.00125969 0
-0.00125069 0
-0.0012417 0
-0.0012327 0
-0.0012237 0
-0.0012147 0
-0.00120571 0
-0.00119671 0
-0.00118771 0
-0.00117871 0
-0.00116971 0
-0.00116072 0
-0.00115172 0
-0.00114272 0
-0.00113372 0
-0.00112473 0
-0.00111573 0
-0.00110673 0
-0.00109773 0
-0.00108873 0
-0.00107974 0
-0.00107074 0
-0.00106174 0
-0.00105274 0
-0.00104375 0
-0.00103475 0
-0.00102575 0
-0.00101675 0
-0.00100775 0
-0.000998756 0
-0.000989758 0
-0.000980761 0
-0.000971763 0
-0.000962765 0
-0.000953767 0
-0.000944769 0
-0.000935772 0
-0.000926774 0
-0.000917776 0
-0.000908778 0
-0.00089978 0
-0.000890783 0
-0.000881785 0
-0.000872787 0
-0.000863789 0
-0.000854791 0
-0.000845794 0
-0.000836796 0
-0.000827798 0
-0.0008188 0
-0.000809802 0
-0.000800804 0
-0.000791807 0
-0.000782809 0
-0.000773811 0
-0.000764813 0
-0.000755815 0
-0.000746818 0
-0.00073782 0
-0.000728822 0
-0.000719824 0
-0.000710826 0
-0.000701829 0
-0.000692831 0
-0.000683833 0
-0.000674835 0
-0.000665837 0
-0.00065684 0
-0.000647842 0
-0.000638844 0
-0.000629846 0
-0.000620848 0
-0.000611851 0
-0.000602853 0
-0.000593855 0
-0.000584857 0
-0.000575859 0
-0.000566862 0
-0.000557864 0
-0.000548866 0
-0.000539868 0
-0.00053087 0
-0.000521873 0
-0.000512875 0
-0.000503877 0
-0.000494879 0
-0.000485881 0
-0.000476884 0
-0.000467886 0
-0.000458888 0
-0.00044989 0
-0.000440892 0
-0.000431895 0
-0.000422897 0
-0.000413899 0
-0.000404901 0
-0.000395903 0
-0.000386906 0
-0.000377908 0
-0.00036891 0
-0.000359912 0
-0.000350914 0
-0.000341917 0
-0.000332919 0
-0.000323921 0
-0.000314923 0
-0.000305925 0
-0.000296928 0
-0.00028793 0
-0.000278932 0
-0.000269934 0
-0.000260936 0
-0.000251938 0
-0.000242941 0
-0.000233943 0
-0.000224945 0
-0.000215947 0
-0.000206949 0
-0.000197952 0
-0.000188954 0
-0.000179956 0
-0.000170958 0
-0.00016196 0
-0.000152963 0
-0.000143965 0
-0.000134967 0
-0.000125969 0
-0.000116971 0
-0.000107974 0
-9.89758e-05 0
-8.9978e-05 0
-8.09802e-05 0
-7.19824e-05 0
-6.29846e-05 0
-5.39868e-05 0
-4.4989e-05 0
-3.59912e-05 0
-2.69934e-05 0
-1.79956e-05 0
-8.9978e-06 0
5.94953e-16 0
8.9978e-06 0
1.79956e-05 0
2.69934e-05 0
3.59912e-05 0
4.4989e-05 0
5.39868e-05 0
6.29846e-05 0
7.19824e-05 0
8.09802e-05 0
8.9978e-05 0
9.89758e-05 0
0.000107974 0
0.000116971 0
0.000125969 0
0.000134967 0
0.000143965 0
0.000152963 0
0.00016196 0
0.000170958 0
0.000179956 0
0.000188954 0
0.000197952 0
0.000206949 0
0.000215947 0
0.000224945 0
0.000233943 0
0.000242941 0
0.000251938 0
0.000260936 0
0.000269934 0
0.000278932 0
0.00028793 0
0.000296928 0
0.000305925 0
0.000314923 0
0.000323921 0
0.000332919 0
0.000341917 0
0.000350914 0
0.000359912 0
0.00036891 0
0.000377908 0
0.000386906 0
0.000395903 0
0.000404901 0
0.000413899 0
0.000422897 0
0.000431895 0
0.000440892 0
0.00044989 0
0.000458888 0
0.000467886 0
0.000476884 0
0.000485881 0
0.000494879 0
0.000503877 0
0.000512875 0
0.000521873 0
0.00053087 0
0.000539868 0
0.000548866 0
0.000557864 0
0.000566862 0
0.000575859 0
0.000584857 0
0.000593855 0
0.000602853 0
0.000611851 0
0.000620848 0
0.000629846 0
0.000638844 0
0.000647842 0
0.00065684 0
0.000665837 0
0.000674835 0
0.000683833 0
0.000692831 0
0.000701829 0
0.000710826 0
0.000719824 0
0.000728822 0
0.00073782 0
0.000746818 0
0.000755815 0
0.000764813 0
0.000773811 0
0.000782809 0
0.000791807 0
0.000800804 0
0.000809802 0
0.0008188 0
0.000827798 0
0.000836796 0
0.000845794 0
0.000854791 0
0.000863789 0
0.000872787 0
0.000881785 0
0.000890783 0
0.00089978 0
0.000908778 0
0.000917776 0
0.000926774 0
0.000935772 0
0.000944769 0
0.000953767 0
0.000962765 0
0.000971763 0
0.000980761 0
0.000989758 0
0.000998756 0
0.00100775 0
0.00101675 0
0.00102575 0
0.00103475 0
0.00104375 0
0.00105274 0
0.00106174 0
0.00107074 0
0.00107974 0
0.00108873 0
0.00109773 0
0.00110673 0
0.00111573 0
0.00112473 0
0.00113372 0
0.00114272 0
0.00115172 0
0.00116072 0
0.00116971 0
0.00117871 0
0.00118771 0
0.00119671 0
0.00120571 0
0.0012147 0
0.0012237 0
0.0012327 0
0.0012417 0
0.00125069 0
0.00125969 0
0.00126869 0
0.00127769 0
0.00128669 0
0.00129568 0
0.00130468 0
0.00131368 0
0.00132268 0
0.00133167 0
0.00134067 0
0.00134967 0
0.00135867 0
0.00136767 0
0.00137666 0
0.00138566 0
0.00139466 0
0.00140366 0
0.00141266 0
0.00142165 0
0.00143065 0
0.00143965 0
0.00144865 0
0.00145764 0
0.00146664 0
0.00147564 0
0.00148464 0
0.00149364 0
0.00150263 0
0.00151163 0
0.00152063 0
0.00152963 0
0.00153862 0
0.00154762 0
0.00155662 0
0.00156562 0
0.00157462 0
0.00158361 0
0.00159261 0
0.00160161 0
0.00161061 0
0.0016196 0
0.0016286 0
0.0016376 0
0.0016466 0
0.0016556 0
0.00166459 0
0.00167359 0
0.00168259 0
0.00169159 0
0.00170058 0
0.00170958 0
0.00171858 0
0.00172758 0
0.00173658 0
0.00174557 0
0.00175457 0
0.00176357 0
0.00177257 0
0.00178157 0
0.00179056 0
0.00179956 0
0.00180856 0
0.00181756 0
0.00182655 0
0.00183555 0
0.00184455 0
0.00185355 0
0.00186255 0
0.00187154 0
0.00188054 0
0.00188954 0
0.00189854 0
0.00190753 0
0.00191653 0
0.00192553 0
0.00193453 0
0.00194353 0
0.00195252 0
0.00196152 0
0.00197052 0
0.00197952 0
0.00198851 0
0.00199751 0
0.00200651 0
0.00201551 0
0.00202451 0
0.0020335 0
0.0020425 0
0.0020515 0
0.0020605 0
0.00206949 0
0.00207849 0
0.00208749 0
0.00209649 0
0.00210549 0
0.00211448 0
0.00212348 0
0.00213248 0
0.00214148 0
0.00215047 0
0.00215947 0
0.00216847 0
0.00217747 0
0.00218647 0
0.00219546 0
0.00220446 0
0.00221346 0
0.00222246 0
0.00223146 0
0.00224045 0
0.00224945 0
0.00225845 0
0.00226745 0
0.00227644 0
0.00228544 0
0.00229444 0
0.00230344 0
0.00231244 0
0.00232143 0
0.00233043 0
0.00233943 0
0.00234843 0
0.00235742 0
0.00236642 0
0.00237542 0
0.00238442 0
0.00239342 0
0.00240241 0
0.00241141 0
0.00242041 0
0.00242941 0
0.0024384 0
0.0024474 0
0.0024564 0
0.0024654 0
0.0024744 0
0.00248339 0
0.00249239 0
0.00250139 0
0.00251039 0
0.00251938 0
0.00252838 0
0.00253738 0
0.00254638 0
0.00255538 0
0.00256437 0
0.00257337 0
0.00258237 0
0.00259137 0
0.00260037 0
0.00260936 0
0.00261836 0
0.00262736 0
0.00263636 0
0.00264535 0
0.00265435 0
0.00266335 0
0.00267235 0
0.00268135 0
0.00269034 0
0.00269934 0
0.00270834 0
0.00271734 0
0.00272633 0
0.00273533 0
0.00274433 0
0.00275333 0
0.00276233 0
0.00277132 0
0.00278032 0
0.00278932 0
0.00279832 0
0.00280731 0
0.00281631 0
0.00282531 0
0.00283431 0
0.00284331 0
0.0028523 0
0.0028613 0
0.0028703 0
0.0028793 0
0.00288829 0
0.00289729 0
0.00290629 0
0.00291529 0
0.00292429 0
0.00293328 0
0.00294228 0
0.00295128 0
0.00296028 0
0.00296928 0
0.00297827 0
0.00298727 0
0.00299627 0
0.00300527 0
0.00301426 0
0.00302326 0
0.00303226 0
0.00304126 0
0.00305026 0
0.00305925 0
0.00306825 0
0.00307725 0
0.00308625 0
0.00309524 0
0.00310424 0
0.00311324 0
0.00312224 0
0.00313124 0
0.00314023 0
0.00314923 0
0.00315823 0
0.00316723 0
0.00317622 0
0.00318522 0
0.00319422 0
0.00320322 0
0.00321222 0
0.00322121 0
0.00323021 0
0.00323921 0
0.00324821 0
0.0032572 0
0.0032662 0
0.0032752 0
0.0032842 0
0.0032932 0
0.00330219 0
0.00331119 0
0.00332019 0
0.00332919 0
0.00333819 0
0.00334718 0
0.00335618 0
0.00336518 0
0.00337418 0
0.00338317 0
0.00339217 0
0.00340117 0
0.00341017 0
0.00341917 0
0.00342816 0
0.00343716 0
0.00344616 0
0.00345516 0
0.00346415 0
0.00347315 0
0.00348215 0
0.00349115 0
0.00350015 0
0.00350914 0
0.00351814 0
0.00352714 0
0.00353614 0
0.00354513 0
0.00355413 0
0.00356313 0
0.00357213 0
0.00358113 0
0.00359012 0
0.00359912 0
0.00360812 0
0.00361712 0
0.00362611 0
0.00363511 0
0.00364411 0
0.00365311 0
0.00366211 0
0.0036711 0
0.0036801 0
0.0036891 0
0.0036981 0
0.00370709 0
0.00371609 0
0.00372509 0
0.00373409 0
0.00374309 0
0.00375208 0
0.00376108 0
0.00377008 0
0.00377908 0
0.00378808 0
0.00379707 0
0.00380607 0
0.00381507 0
0.00382407 0
0.00383306 0
0.00384206 0
0.00385106 0
0.00386006 0
0.00386906 0
0.00387805 0
0.00388705 0
0.00389605 0
0.00390505 0
0.00391404 0
0.00392304 0
0.00393204 0
0.00394104 0
0.00395004 0
0.00395903 0
0.00396803 0
0.00397703 0
0.00398603 0
0.00399502 0
0.00400402 0
0.00401302 0
0.00402202 0
0.00403102 0
0.00404001 0
0.00404901 0
0.00405801 0
0.00406701 0
0.004076 0
0.004085 0
0.004094 0
0.004103 0
0.004112 0
0.00412099 0
0.00412999 0
0.00413899 0
0.00414799 0
0.00415699 0
0.00416598 0
0.00417498 0
0.00418398 0
0.00419298 0
0.00420197 0
0.00421097 0
0.00421997 0
0.00422897 0
0.00423797 0
0.00424696 0
0.00425596 0
0.00426496 0
0.00427396 0
0.00428295 0
0.00429195 0
0.00430095 0
0.00430995 0
0.00431895 0
0.00432794 0
0.00433694 0
0.00434594 0
0.00435494 0
0.00436393 0
0.00437293 0
0.00438193 0
0.00439093 0
0.00439993 0
0.00440892 0
0.00441792 0
0.00442692 0
0.00443592 0
0.00444491 0
0.00445391 0
0.00446291 0
0.00447191 0
0.00448091 0
0.0044899 0
0.0044989 0
0.0045079 0
0.0045169 0
0.0045259 0
0.00453489 0
0.00454389 0
0.00455289 0
0.00456189 0
0.00457088 0
0.00457988 0
0.00458888 0
0.00459788 0
0.00460688 0
0.00461587 0
0.00462487 0
0.00463387 0
0.00464287 0
0.00465186 0
0.00466086 0
0.00466986 0
0.00467886 0
0.00468786 0
0.00469685 0
0.00470585 0
0.00471485 0
0.00472385 0
0.00473284 0
0.00474184 0
0.00475084 0
0.00475984 0
0.00476884 0
0.00477783 0
0.00478683 0
0.00479583 0
0.00480483 0
0.00481382 0
0.00482282 0
0.00483182 0
0.00484082 0
0.00484982 0
0.00485881 0
0.00486781 0
0.00487681 0
0.00488581 0
0.0048948 0
0.0049038 0
0.0049128 0
0.0049218 0
0.0049308 0
0.00493979 0
0.00494879 0
0.00495779 0
0.00496679 0
0.00497579 0
0.00498478 0
0.00499378 0
0.00500278 0
0.00501178 0
0.00502077 0
0.00502977 0
0.00503877 0
0.00504777 0
0.00505677 0
0.00506576 0
0.00507476 0
0.00508376 0
0.00509276 0
0.00510175 0
0.00511075 0
0.00511975 0
0.00512875 0
0.00513775 0
0.00514674 0
0.00515574 0
0.00516474 0
0.00517374 0
0.00518273 0
0.00519173 0
0.00520073 0
0.00520973 0
0.00521873 0
0.00522772 0
0.00523672 0
0.00524572 0
0.00525472 0
0.00526371 0
0.00527271 0
0.00528171 0
0.00529071 0
0.00529971 0
0.0053087 0
0.0053177 0
0.0053267 0
0.0053357 0
0.0053447 0
0.00535369 0
0.00536269 0
0.00537169 0
0.00538069 0
0.00538968 0
0.00539868 0
0.00540768 0
0.00541668 0
0.00542568 0
0.00543467 0
0.00544367 0
0.00545267 0
0.00546167 0
0.00547066 0
0.00547966 0
0.00548866 0
0.00549766 0
0.00550666 0
0.00551565 0
0.00552465 0
0.00553365 0
0.00554265 0
0.00555164 0
0.00556064 0
0.00556964 0
0.00557864 0
0.00558764 0
0.00559663 0
0.00560563 0
0.00561463 0
0.00562363 0
0.00563262 0
0.00564162 0
0.00565062 0
0.00565962 0
0.00566862 0
0.00567761 0
0.00568661 0
0.00569561 0
0.00570461 0
0.00571361 0
0.0057226 0
0.0057316 0
0.0057406 0
0.0057496 0
0.00575859 0
0.00576759 0
0.00577659 0
0.00578559 0
0.00579459 0
0.00580358 0
0.00581258 0
0.00582158 0
0.00583058 0
0.00583957 0
0.00584857 0
0.00585757 0
0.00586657 0
0.00587557 0
0.00588456 0
0.00589356 0
0.00590256 0
0.00591156 0
0.00592055 0
0.00592955 0
0.00593855 0
0.00594755 0
0.00595655 0
0.00596554 0
0.00597454 0
0.00598354 0
0.00599254 0
0.00600153 0
0.00601053 0
0.00601953 0
0.00602853 0
0.00603753 0
0.00604652 0
0.00605552 0
0.00606452 0
0.00607352 0
0.00608252 0
0.00609151 0
0.00610051 0
0.00610951 0
0.00611851 0
0.0061275 0
0.0061365 0
0.0061455 0
0.0061545 0
0.0061635 0
0.00617249 0
0.00618149 0
0.00619049 0
0.00619949 0
0.00620848 0
0.00621748 0
0.00622648 0
0.00623548 0
0.00624448 0
0.00625347 0
0.00626247 0
0.00627147 0
0.00628047 0
0.00628946 0
0.00629846 0
0.00630746 0
0.00631646 0
0.00632546 0
0.00633445 0
0.00634345 0
0.00635245 0
0.00636145 0
0.00637044 0
0.00637944 0
0.00638844 0
0.00639744 0
0.00640644 0
0.00641543 0
0.00642443 0
0.00643343 0
0.00644243 0
0.00645142 0
0.00646042 0
0.00646942 0
0.00647842 0
0.00648742 0
0.00649641 0
0.00650541 0
0.00651441 0
0.00652341 0
0.00653241 0
0.0065414 0
0.0065504 0
0.0065594 0
0.0065684 0
0.00657739 0
0.00658639 0
0.00659539 0
0.00660439 0
0.00661339 0
0.00662238 0
0.00663138 0
0.00664038 0
0.00664938 0
0.00665837 0
0.00666737 0
0.00667637 0
0.00668537 0
0.00669437 0
0.00670336 0
0.00671236 0
0.00672136 0
0.00673036 0
0.00673935 0
0.00674835 0
0.00675735 0
0.00676635 0
0.00677535 0
0.00678434 0
0.00679334 0
0.00680234 0
0.00681134 0
0.00682033 0
0.00682933 0
0.00683833 0
0.00684733 0
0.00685633 0
0.00686532 0
0.00687432 0
0.00688332 0
0.00689232 0
0.00690132 0
0.00691031 0
0.00691931 0
0.00692831 0
0.00693731 0
0.0069463 0
0.0069553 0
0.0069643 0
0.0069733 0
0.0069823 0
0.00699129 0
0.00700029 0
0.00700929 0
0.00701829 0
0.00702728 0
0.00703628 0
0.00704528 0
0.00705428 0
0.00706328 0
0.00707227 0
0.00708127 0
0.00709027 0
0.00709927 0
0.00710826 0
0.00711726 0
0.00712626 0
0.00713526 0
0.00714426 0
0.00715325 0
0.00716225 0
0.00717125 0
0.00718025 0
0.00718924 0
0.00719824 0
0.00720724 0
0.00721624 0
0.00722524 0
0.00723423 0
0.00724323 0
0.00725223 0
0.00726123 0
0.00727023 0
0.00727922 0
0.00728822 0
0.00729722 0
0.00730622 0
0.00731521 0
0.00732421 0
0.00733321 0
0.00734221 0
0.00735121 0
0.0073602 0
0.0073692 0
0.0073782 0
0.0073872 0
0.00739619 0
0.00740519 0
0.00741419 0
0.00742319 0
0.00743219 0
0.00744118 0
0.00745018 0
0.00745918 0
0.00746818 0
0.00747717 0
0.00748617 0
0.00749517 0
0.00750417 0
0.00751317 0
0.00752216 0
0.00753116 0
0.00754016 0
0.00754916 0
0.00755815 0
0.00756715 0
0.00757615 0
0.00758515 0
0.00759415 0
0.00760314 0
0.00761214 0
0.00762114 0
0.00763014 0
0.00763913 0
0.00764813 0
0.00765713 0
0.00766613 0
0.00767513 0
0.00768412 0
0.00769312 0
0.00770212 0
0.00771112 0
0.00772012 0
0.00772911 0
0.00773811 0
0.00774711 0
0.00775611 0
0.0077651 0
0.0077741 0
0.0077831 0
0.0077921 0
0.0078011 0
0.00781009 0
0.00781909 0
0.00782809 0
0.00783709 0
0.00784608 0
0.00785508 0
0.00786408 0
0.00787308 0
0.00788208 0
0.00789107 0
0.00790007 0
0.00790907 0
0.00791807 0
0.00792706 0
0.00793606 0
0.00794506 0
0.00795406 0
0.00796306 0
0.00797205 0
0.00798105 0
0.00799005 0
0.00799905 0
0.00800804 0
0.00801704 0
0.00802604 0
0.00803504 0
0.00804404 0
0.00805303 0
0.00806203 0
0.00807103 0
0.00808003 0
0.00808903 0
0.00809802 0
0.00810702 0
0.00811602 0
0.00812502 0
0.00813401 0
0.00814301 0
0.00815201 0
0.00816101 0
0.00817001 0
0.008179 0
0.008188 0
0.008197 0
0.008206 0
0.00821499 0
0.00822399 0
0.00823299 0
0.00824199 0
0.00825099 0
0.00825998 0
0.00826898 0
0.00827798 0
0.00828698 0
0.00829597 0
0.00830497 0
0.00831397 0
0.00832297 0
0.00833197 0
0.00834096 0
0.00834996 0
0.00835896 0
0.00836796 0
0.00837695 0
0.00838595 0
0.00839495 0
0.00840395 0
0.00841295 0
0.00842194 0
0.00843094 0
0.00843994 0
0.00844894 0
0.00845794 0
0.00846693 0
0.00847593 0
0.00848493 0
0.00849393 0
0.00850292 0
0.00851192 0
0.00852092 0
0.00852992 0
0.00853892 0
0.00854791 0
0.00855691 0
0.00856591 0
0.00857491 0
0.0085839 0
0.0085929 0
0.0086019 0
0.0086109 0
0.0086199 0
0.00862889 0
0.00863789 0
0.00864689 0
0.00865589 0
0.00866488 0
0.00867388 0
0.00868288 0
0.00869188 0
0.00870088 0
0.00870987 0
0.00871887 0
0.00872787 0
0.00873687 0
0.00874586 0
0.00875486 0
0.00876386 0
0.00877286 0
0.00878186 0
0.00879085 0
0.00879985 0
0.00880885 0
0.00881785 0
0.00882685 0
0.00883584 0
0.00884484 0
0.00885384 0
0.00886284 0
0.00887183 0
0.00888083 0
0.00888983 0
0.00889883 0
0.00890783 0
0.00891682 0
0.00892582 0
0.00893482 0
0.00894382 0
0.00895281 0
0.00896181 0
0.00897081 0
0.00897981 0
0.00898881 0
0.0089978 0
0.0090068 0
0.0090158 0
0.0090248 0
0.00903379 0
0.00904279 0
0.00905179 0
0.00906079 0
0.00906979 0
0.00907878 0
0.00908778 0
0.00909678 0
0.00910578 0
0.00911477 0
0.00912377 0
0.00913277 0
0.00914177 0
0.00915077 0
0.00915976 0
0.00916876 0
0.00917776 0
0.00918676 0
0.00919575 0
0.00920475 0
0.00921375 0
0.00922275 0
0.00923175 0
0.00924074 0
0.00924974 0
0.00925874 0
0.00926774 0
0.00927674 0
0.00928573 0
0.00929473 0
0.00930373 0
0.00931273 0
0.00932172 0
0.00933072 0
0.00933972 0
0.00934872 0
0.00935772 0
0.00936671 0
0.00937571 0
0.00938471 0
0.00939371 0
0.0094027 0
0.0094117 0
0.0094207 0
0.0094297 0
0.0094387 0
0.00944769 0
0.00945669 0
0.00946569 0
0.00947469 0
0.00948368 0
0.00949268 0
0.00950168 0
0.00951068 0
0.00951968 0
0.00952867 0
0.00953767 0
0.00954667 0
0.00955567 0
0.00956466 0
0.00957366 0
0.00958266 0
0.00959166 0
0.00960066 0
0.00960965 0
0.00961865 0
0.00962765 0
0.00963665 0
0.00964565 0
0.00965464 0
0.00966364 0
0.00967264 0
0.00968164 0
0.00969063 0
0.00969963 0
0.00970863 0
0.00971763 0
0.00972663 0
0.00973562 0
0.00974462 0
0.00975362 0
0.00976262 0
0.00977161 0
0.00978061 0
0.00978961 0
0.00979861 0
0.00980761 0
0.0098166 0
0.0098256 0
0.0098346 0
0.0098436 0
0.00985259 0
0.00986159 0
0.00987059 0
0.00987959 0
0.00988859 0
0.00989758 0
0.00990658 0
0.00991558 0
0.00992458 0
0.00993357 0
0.00994257 0
0.00995157 0
0.00996057 0
0.00996957 0
0.00997856 0
0.00998756 0
0.00999656 0
0.0100056 0
0.0100146 0
0.0100236 0
0.0100326 0
0.0100415 0
0.0100505 0
0.0100595 0
0.0100685 0
0.0100775 0
0.0100865 0
0.0100955 0
0.0101045 0
0.0101135 0
0.0101225 0
0.0101315 0
0.0101405 0
0.0101495 0
0.0101585 0
0.0101675 0
0.0101765 0
0.0101855 0
0.0101945 0
0.0102035 0
0.0102125 0
0.0102215 0
0.0102305 0
0.0102395 0
0.0102485 0
0.0102575 0
0.0102665 0
0.0102755 0
0.0102845 0
0.0102935 0
0.0103025 0
0.0103115 0
0.0103205 0
0.0103295 0
0.0103385 0
0.0103475 0
0.0103565 0
0.0103655 0
0.0103745 0
0.0103835 0
0.0103925 0
0.0104015 0
0.0104105 0
0.0104195 0
0.0104285 0
0.0104375 0
0.0104464 0
0.0104554 0
0.0104644 0
0.0104734 0
0.0104824 0
0.0104914 0
0.0105004 0
0.0105094 0
0.0105184 0
0.0105274 0
0.0105364 0
0.0105454 0
0.0105544 0
0.0105634 0
0.0105724 0
0.0105814 0
0.0105904 0
0.0105994 0
0.0106084 0
0.0106174 0
0.0106264 0
0.0106354 0
0.0106444 0
0.0106534 0
0.0106624 0
0.0106714 0
0.0106804 0
0.0106894 0
0.0106984 0
0.0107074 0
0.0107164 0
0.0107254 0
0.0107344 0
0.0107434 0
0.0107524 0
0.0107614 0
0.0107704 0
0.0107794 0
0.0107884 0
0.0107974 0
0.0108064 0
0.0108154 0
0.0108244 0
0.0108334 0
0.0108424 0
0.0108514 0
0.0108603 0
0.0108693 0
0.0108783 0
0.0108873 0
0.0108963 0
0.0109053 0
0.0109143 0
0.0109233 0
0.0109323 0
0.0109413 0
0.0109503 0
0.0109593 0
0.0109683 0
0.0109773 0
0.0109863 0
0.0109953 0
0.0110043 0
0.0110133 0
0.0110223 0
0.0110313 0
0.0110403 0
0.0110493 0
0.0110583 0
0.0110673 0
0.0110763 0
0.0110853 0
0.0110943 0
0.0111033 0
0.0111123 0
0.0111213 0
0.0111303 0
0.0111393 0
0.0111483 0
0.0111573 0
0.0111663 0
0.0111753 0
0.0111843 0
0.0111933 0
0.0112023 0
0.0112113 0
0.0112203 0
0.0112293 0
0.0112383 0
0.0112473 0
0.0112563 0
0.0112652 0
0.0112742 0
0.0112832 0
0.0112922 0
0.0113012 0
0.0113102 0
0.0113192 0
0.0113282 0
0.0113372 0
0.0113462 0
0.0113552 0
0.0113642 0
0.0113732 0
0.0113822 0
0.0113912 0
0.0114002 0
0.0114092 0
0.0114182 0
0.0114272 0
0.0114362 0
0.0114452 0
0.0114542 0
0.0114632 0
0.0114722 0
0.0114812 0
0.0114902 0
0.0114992 0
0.0115082 0
0.0115172 0
0.0115262 0
0.0115352 0
0.0115442 0
0.0115532 0
0.0115622 0
0.0115712 0
0.0115802 0
0.0115892 0
0.0115982 0
0.0116072 0
0.0116162 0
0.0116252 0
0.0116342 0
0.0116432 0
0.0116522 0
0.0116612 0
0.0116702 0
0.0116791 0
0.0116881 0
0.0116971 0
0.0117061 0
0.0117151 0
0.0117241 0
0.0117331 0
0.0117421 0
0.0117511 0
0.0117601 0
0.0117691 0
0.0117781 0
0.0117871 0
0.0117961 0
0.0118051 0
0.0118141 0
0.0118231 0
0.0118321 0
0.0118411 0
0.0118501 0
0.0118591 0
0.0118681 0
0.0118771 0
0.0118861 0
0.0118951 0
0.0119041 0
0.0119131 0
0.0119221 0
0.0119311 0
0.0119401 0
0.0119491 0
0.0119581 0
0.0119671 0
0.0119761 0
0.0119851 0
0.0119941 0
0.0120031 0
0.0120121 0
0.0120211 0
0.0120301 0
0.0120391 0
0.0120481 0
0.0120571 0
0.0120661 0
0.0120751 0
0.012084 0
0.012093 0
0.012102 0
0.012111 0
0.01212 0
0.012129 0
0.012138 0
0.012147 0
0.012156 0
0.012165 0
0.012174 0
0.012183 0
0.012192 0
0.012201 0
0.01221 0
0.012219 0
0.012228 0
0.012237 0
0.012246 0
0.012255 0
0.012264 0
0.012273 0
0.012282 0
0.012291 0
0.0123 0
0.012309 0
0.012318 0
0.012327 0
0.012336 0
0.012345 0
0.012354 0
0.012363 0
0.012372 0
0.012381 0
0.01239 0
0.012399 0
0.012408 0
0.012417 0
0.012426 0
0.012435 0
0.012444 0
0.012453 0
0.012462 0
0.012471 0
0.01248 0
0.012489 0
0.0124979 0
0.0125069 0
0.0125159 0
0.0125249 0
0.0125339 0
0.0125429 0
0.0125519 0
0.0125609 0
0.0125699 0
0.0125789 0
0.0125879 0
0.0125969 0
0.0126059 0
0.0126149 0
0.0126239 0
0.0126329 0
0.0126419 0
0.0126509 0
0.0126599 0
0.0126689 0
0.0126779 0
0.0126869 0
0.0126959 0
0.0127049 0
0.0127139 0
0.0127229 0
0.0127319 0
0.0127409 0
0.0127499 0
0.0127589 0
0.0127679 0
0.0127769 0
0.0127859 0
0.0127949 0
0.0128039 0
0.0128129 0
0.0128219 0
0.0128309 0
0.0128399 0
0.0128489 0
0.0128579 0
0.0128669 0
0.0128759 0
0.0128849 0
0.0128939 0
0.0129028 0
0.0129118 0
0.0129208 0
0.0129298 0
0.0129388 0
0.0129478 0
0.0129568 0
0.0129658 0
0.0129748 0
0.0129838 0
0.0129928 0
0.0130018 0
0.0130108 0
0.0130198 0
0.0130288 0
0.0130378 0
0.0130468 0
0.0130558 0
0.0130648 0
0.0130738 0
0.0130828 0
0.0130918 0
0.0131008 0
0.0131098 0
0.0131188 0
0.0131278 0
0.0131368 0
0.0131458 0
0.0131548 0
0.0131638 0
0.0131728 0
0.0131818 0
0.0131908 0
0.0131998 0
0.0132088 0
0.0132178 0
0.0132268 0
0.0132358 0
0.0132448 0
0.0132538 0
0.0132628 0
0.0132718 0
0.0132808 0
0.0132898 0
0.0132988 0
0.0133078 0
0.0133167 0
0.0133257 0
0.0133347 0
0.0133437 0
0.0133527 0
0.0133617 0
0.0133707 0
0.0133797 0
0.0133887 0
0.0133977 0
0.0134067 0
0.0134157 0
0.0134247 0
0.0134337 0
0.0134427 0
0.0134517 0
0.0134607 0
0.0134697 0
0.0134787 0
0.0134877 0
0.0134967 0
0.0135057 0
0.0135147 0
0.0135237 0
0.0135327 0
0.0135417 0
0.0135507 0
0.0135597 0
0.0135687 0
0.0135777 0
0.0135867 0
0.0135957 0
0.0136047 0
0.0136137 0
0.0136227 0
0.0136317 0
0.0136407 0
0.0136497 0
0.0136587 0
0.0136677 0
0.0136767 0
0.0136857 0
0.0136947 0
0.0137037 0
0.0137127 0
0.0137216 0
0.0137306 0
0.0137396 0
0.0137486 0
0.0137576 0
0.0137666 0
0.0137756 0
0.0137846 0
0.0137936 0
0.0138026 0
0.0138116 0
0.0138206 0
0.0138296 0
0.0138386 0
0.0138476 0
0.0138566 0
0.0138656 0
0.0138746 0
0.0138836 0
0.0138926 0
0.0139016 0
0.0139106 0
0.0139196 0
0.0139286 0
0.0139376 0
0.0139466 0
0.0139556 0
0.0139646 0
0.0139736 0
0.0139826 0
0.0139916 0
0.0140006 0
0.0140096 0
0.0140186 0
0.0140276 0
0.0140366 0
0.0140456 0
0.0140546 0
0.0140636 0
0.0140726 0
0.0140816 0
0.0140906 0
0.0140996 0
0.0141086 0
0.0141176 0
0.0141266 0
0.0141355 0
0.0141445 0
0.0141535 0
0.0141625 0
0.0141715 0
0.0141805 0
0.0141895 0
0.0141985 0
0.0142075 0
0.0142165 0
0.0142255 0
0.0142345 0
0.0142435 0
0.0142525 0
0.0142615 0
0.0142705 0
0.0142795 0
0.0142885 0
0.0142975 0
0.0143065 0
0.0143155 0
0.0143245 0
0.0143335 0
0.0143425 0
0.0143515 0
0.0143605 0
0.0143695 0
0.0143785 0
0.0143875 0
0.0143965 0
0.0144055 0
0.0144145 0
0.0144235 0
0.0144325 0
0.0144415 0
0.0144505 0
0.0144595 0
0.0144685 0
0.0144775 0
0.0144865 0
0.0144955 0
0.0145045 0
0.0145135 0
0.0145225 0
0.0145315 0
0.0145405 0
0.0145494 0
0.0145584 0
0.0145674 0
0.0145764 0
0.0145854 0
0.0145944 0
0.0146034 0
0.0146124 0
0.0146214 0
0.0146304 0
0.0146394 0
0.0146484 0
0.0146574 0
0.0146664 0
0.0146754 0
0.0146844 0
0.0146934 0
0.0147024 0
0.0147114 0
0.0147204 0
0.0147294 0
0.0147384 0
0.0147474 0
0.0147564 0
0.0147654 0
0.0147744 0
0.0147834 0
0.0147924 0
0.0148014 0
0.0148104 0
0.0148194 0
0.0148284 0
0.0148374 0
0.0148464 0
0.0148554 0
0.0148644 0
0.0148734 0
0.0148824 0
0.0148914 0
0.0149004 0
0.0149094 0
0.0149184 0
0.0149274 0
0.0149364 0
0.0149454 0
0.0149543 0
0.0149633 0
0.0149723 0
0.0149813 0
0.0149903 0
0.0149993 0
0.0150083 0
0.0150173 0
0.0150263 0
0.0150353 0
0.0150443 0
0.0150533 0
0.0150623 0
0.0150713 0
0.0150803 0
0.0150893 0
0.0150983 0
0.0151073 0
0.0151163 0
0.0151253 0
0.0151343 0
0.0151433 0
0.0151523 0
0.0151613 0
0.0151703 0
0.0151793 0
0.0151883 0
0.0151973 0
0.0152063 0
0.0152153 0
0.0152243 0
0.0152333 0
0.0152423 0
0.0152513 0
0.0152603 0
0.0152693 0
0.0152783 0
0.0152873 0
0.0152963 0
0.0153053 0
0.0153143 0
0.0153233 0
0.0153323 0
0.0153413 0
0.0153503 0
0.0153593 0
0.0153682 0
0.0153772 0
0.0153862 0
0.0153952 0
0.0154042 0
0.0154132 0
0.0154222 0
0.0154312 0
0.0154402 0
0.0154492 0
0.0154582 0
0.0154672 0
0.0154762 0
0.0154852 0
0.0154942 0
0.0155032 0
0.0155122 0
0.0155212 0
0.0155302 0
0.0155392 0
0.0155482 0
0.0155572 0
0.0155662 0
0.0155752 0
0.0155842 0
0.0155932 0
0.0156022 0
0.0156112 0
0.0156202 0
0.0156292 0
0.0156382 0
0.0156472 0
0.0156562 0
0.0156652 0
0.0156742 0
0.0156832 0
0.0156922 0
0.0157012 0
0.0157102 0
0.0157192 0
0.0157282 0
0.0157372 0
0.0157462 0
0.0157552 0
0.0157642 0
0.0157731 0
0.0157821 0
0.0157911 0
0.0158001 0
0.0158091 0
0.0158181 0
0.0158271 0
0.0158361 0
0.0158451 0
0.0158541 0
0.0158631 0
0.0158721 0
0.0158811 0
0.0158901 0
0.0158991 0
0.0159081 0
0.0159171 0
0.0159261 0
0.0159351 0
0.0159441 0
0.0159531 0
0.0159621 0
0.0159711 0
0.0159801 0
0.0159891 0
0.0159981 0
0.0160071 0
0.0160161 0
0.0160251 0
0.0160341 0
0.0160431 0
0.0160521 0
0.0160611 0
0.0160701 0
0.0160791 0
0.0160881 0
0.0160971 0
0.0161061 0
0.0161151 0
0.0161241 0
0.0161331 0
0.0161421 0
0.0161511 0
0.0161601 0
0.0161691 0
0.0161781 0
0.016187 0
0.016196 0
0.016205 0
0.016214 0
0.016223 0
0.016232 0
0.016241 0
0.01625 0
0.016259 0
0.016268 0
0.016277 0
0.016286 0
0.016295 0
0.016304 0
0.016313 0
0.016322 0
0.016331 0
0.01634 0
0.016349 0
0.016358 0
0.016367 0
0.016376 0
0.016385 0
0.016394 0
0.016403 0
0.016412 0
0.016421 0
0.01643 0
0.016439 0
0.016448 0
0.016457 0
0.016466 0
0.016475 0
0.016484 0
0.016493 0
0.016502 0
0.016511 0
0.01652 0
0.016529 0
0.016538 0
0.016547 0
0.016556 0
0.016565 0
0.016574 0
0.016583 0
0.0165919 0
0.0166009 0
0.0166099 0
0.0166189 0
0.0166279 0
0.0166369 0
0.0166459 0
0.0166549 0
0.0166639 0
0.0166729 0
0.0166819 0
0.0166909 0
0.0166999 0
0.0167089 0
0.0167179 0
0.0167269 0
0.0167359 0
0.0167449 0
0.0167539 0
0.0167629 0
0.0167719 0
0.0167809 0
0.0167899 0
0.0167989 0
0.0168079 0
0.0168169 0
0.0168259 0
0.0168349 0
0.0168439 0
0.0168529 0
0.0168619 0
0.0168709 0
0.0168799 0
0.0168889 0
0.0168979 0
0.0169069 0
0.0169159 0
0.0169249 0
0.0169339 0
0.0169429 0
0.0169519 0
0.0169609 0
0.0169699 0
0.0169789 0
0.0169879 0
0.0169969 0
0.0170058 0
0.0170148 0
0.0170238 0
0.0170328 0
0.0170418 0
0.0170508 0
0.0170598 0
0.0170688 0
0.0170778 0
0.0170868 0
0.0170958 0
0.0171048 0
0.0171138 0
0.0171228 0
0.0171318 0
0.0171408 0
0.0171498 0
0.0171588 0
0.0171678 0
0.0171768 0
0.0171858 0
0.0171948 0
0.0172038 0
0.0172128 0
0.0172218 0
0.0172308 0
0.0172398 0
0.0172488 0
0.0172578 0
0.0172668 0
0.0172758 0
0.0172848 0
0.0172938 0
0.0173028 0
0.0173118 0
0.0173208 0
0.0173298 0
0.0173388 0
0.0173478 0
0.0173568 0
0.0173658 0
0.0173748 0
0.0173838 0
0.0173928 0
0.0174018 0
0.0174107 0
0.0174197 0
0.0174287 0
0.0174377 0
0.0174467 0
0.0174557 0
0.0174647 0
0.0174737 0
0.0174827 0
0.0174917 0
0.0175007 0
0.0175097 0
0.0175187 0
0.0175277 0
0.0175367 0
0.0175457 0
0.0175547 0
0.0175637 0
0.0175727 0
0.0175817 0
0.0175907 0
0.0175997 0
0.0176087 0
0.0176177 0
0.0176267 0
0.0176357 0
0.0176447 0
0.0176537 0
0.0176627 0
0.0176717 0
0.0176807 0
0.0176897 0
0.0176987 0
0.0177077 0
0.0177167 0
0.0177257 0
0.0177347 0
0.0177437 0
0.0177527 0
0.0177617 0
0.0177707 0
0.0177797 0
0.0177887 0
0.0177977 0
0.0178067 0
0.0178157 0
0.0178246 0
0.0178336 0
0.0178426 0
0.0178516 0
0.0178606 0
0.0178696 0
0.0178786 0
0.0178876 0
0.0178966 0
0.0179056 0
0.0179146 0
0.0179236 0
0.0179326 0
0.0179416 0
0.0179506 0
0.0179596 0
0.0179686 0
0.0179776 0
0.0179866 0
0.0179956 0
0.0180046 0
0.0180136 0
0.0180226 0
0.0180316 0
0.0180406 0
0.0180496 0
0.0180586 0
0.0180676 0
0.0180766 0
0.0180856 0
0.0180946 0
0.0181036 0
0.0181126 0
0.0181216 0
0.0181306 0
0.0181396 0
0.0181486 0
0.0181576 0
0.0181666 0
0.0181756 0
0.0181846 0
0.0181936 0
0.0182026 0
0.0182116 0
0.0182206 0
0.0182295 0
0.0182385 0
0.0182475 0
0.0182565 0
0.0182655 0
0.0182745 0
0.0182835 0
0.0182925 0
0.0183015 0
0.0183105 0
0.0183195 0
0.0183285 0
0.0183375 0
0.0183465 0
0.0183555 0
0.0183645 0
0.0183735 0
0.0183825 0
0.0183915 0
0.0184005 0
0.0184095 0
0.0184185 0
0.0184275 0
