-0.0020475 1.47201e-11
-0.0020465 6.80871e-11
-0.0020455 2.21822e-10
-0.0020445 4.57519e-10
-0.0020435 7.46746e-10
-0.0020425 1.05418e-09
-0.0020415 1.34158e-09
-0.0020405 1.57213e-09
-0.0020395 1.71489e-09
-0.0020385 1.74868e-09
-0.0020375 1.66524e-09
-0.0020365 1.47108e-09
-0.0020355 1.18803e-09
-0.0020345 8.52269e-10
-0.0020335 5.11794e-10
-0.0020325 2.22714e-10
-0.0020315 4.4472e-11
-0.0020305 3.449e-11
-0.0020295 2.42683e-10
-0.0020285 7.06318e-10
-0.0020275 1.4457e-09
-0.0020265 2.46108e-09
-0.0020255 3.73113e-09
-0.0020245 5.21312e-09
-0.0020235 6.84488e-09
-0.0020225 8.54843e-09
-0.0020215 1.02351e-08
-0.0020205 1.18114e-08
-0.0020195 1.3186e-08
-0.0020185 1.42761e-08
-0.0020175 1.50139e-08
-0.0020165 1.53517e-08
-0.0020155 1.52657e-08
-0.0020145 1.47579e-08
-0.0020135 1.38566e-08
-0.0020125 1.26142e-08
-0.0020115 1.11037e-08
-0.0020105 9.41376e-09
-0.0020095 7.64206e-09
-0.0020085 5.88861e-09
-0.0020075 4.24866e-09
-0.0020065 2.80613e-09
-0.0020055 1.62798e-09
-0.0020045 7.60011e-10
-0.0020035 2.24279e-10
-0.0020025 1.84309e-11
-0.0020015 1.1689e-10
-0.0020005 4.73788e-10
-0.0019995 1.02737e-09
-0.0019985 1.70548e-09
-0.0019975 2.43165e-09
-0.0019965 3.13133e-09
-0.0019955 3.73764e-09
-0.0019945 4.19639e-09
-0.0019935 4.46973e-09
-0.0019925 4.53837e-09
-0.0019915 4.40218e-09
-0.0019905 4.07911e-09
-0.0019895 3.60266e-09
-0.0019885 3.01815e-09
-0.0019875 2.37812e-09
-0.0019865 1.73732e-09
-0.0019855 1.14771e-09
-0.0019845 6.53954e-10
-0.0019835 2.89715e-10
-0.0019825 7.51237e-11
-0.0019815 1.55539e-11
-0.0019805 1.01796e-10
-0.0019795 3.1156e-10
-0.0019785 6.12124e-10
-0.0019775 9.63859e-10
-0.0019765 1.32428e-09
-0.0019755 1.65222e-09
-0.0019745 1.91177e-09
-0.0019735 2.07558e-09
-0.0019725 2.12727e-09
-0.0019715 2.06272e-09
-0.0019705 1.89016e-09
-0.0019695 1.62908e-09
-0.0019685 1.308e-09
-0.0019675 9.61559e-10
-0.0019665 6.2687e-10
-0.0019655 3.39845e-10
-0.0019645 1.3159e-10
-0.0019635 2.53344e-11
-0.0019625 3.41546e-11
-0.0019615 1.59688e-10
-0.0019605 3.91973e-10
-0.0019595 7.10404e-10
-0.0019585 1.08572e-09
-0.0019575 1.48284e-09
-0.0019565 1.86421e-09
-0.0019555 2.19347e-09
-0.0019545 2.43894e-09
-0.0019535 2.57674e-09
-0.0019525 2.5931e-09
-0.0019515 2.48581e-09
-0.0019505 2.26451e-09
-0.0019495 1.94989e-09
-0.0019485 1.57187e-09
-0.0019475 1.16684e-09
-0.0019465 7.74315e-10
-0.0019455 4.33276e-10
-0.0019445 1.78499e-10
-0.0019435 3.72701e-11
-0.0019425 2.67541e-11
-0.0019415 1.5228e-10
-0.0019405 4.06702e-10
-0.0019395 7.70897e-10
-0.0019385 1.21537e-09
-0.0019375 1.70282e-09
-0.0019365 2.19145e-09
-0.0019355 2.63867e-09
-0.0019345 3.00502e-09
-0.0019335 3.25767e-09
-0.0019325 3.37355e-09
-0.0019315 3.34146e-09
-0.0019305 3.16328e-09
-0.0019295 2.85388e-09
-0.0019285 2.44003e-09
-0.0019275 1.95812e-09
-0.0019265 1.45107e-09
-0.0019255 9.64688e-10
-0.0019245 5.4366e-10
-0.0019235 2.27709e-10
-0.0019225 4.81284e-11
-0.0019215 2.50463e-11
-0.0019205 1.65655e-10
-0.0019195 4.6355e-10
-0.0019185 8.99239e-10
-0.0019175 1.44177e-09
-0.0019165 2.05133e-09
-0.0019155 2.68256e-09
-0.0019145 3.28837e-09
-0.0019135 3.8238e-09
-0.0019125 4.24966e-09
-0.0019115 4.53565e-09
-0.0019105 4.66269e-09
-0.0019095 4.62414e-09
-0.0019085 4.42609e-09
-0.0019075 4.08637e-09
-0.0019065 3.63276e-09
-0.0019055 3.1002e-09
-0.0019045 2.52763e-09
-0.0019035 1.95446e-09
-0.0019025 1.41718e-09
-0.0019015 9.46326e-10
-0.0019005 5.64185e-10
-0.0018995 2.83247e-10
-0.0018985 1.05732e-10
-0.0018975 2.40897e-11
-0.0018965 2.24457e-11
-0.0018955 7.88353e-11
-0.0018945 1.67982e-10
-0.0018935 2.64347e-10
-0.0018925 3.45132e-10
-0.0018915 3.92948e-10
-0.0018905 3.97863e-10
-0.0018895 3.58632e-10
-0.0018885 2.82976e-10
-0.0018875 1.86874e-10
-0.0018865 9.29223e-11
-0.0018855 2.79178e-11
-0.0018845 1.98957e-11
-0.0018835 9.49021e-11
-0.0018825 2.73825e-10
-0.0018815 5.69597e-10
-0.0018805 9.85066e-10
-0.0018795 1.51176e-09
-0.0018785 2.12971e-09
-0.0018775 2.80836e-09
-0.0018765 3.50858e-09
-0.0018755 4.18553e-09
-0.0018745 4.79231e-09
-0.0018735 5.28388e-09
-0.0018725 5.62114e-09
-0.0018715 5.77451e-09
-0.0018705 5.72705e-09
-0.0018695 5.47648e-09
-0.0018685 5.03609e-09
-0.0018675 4.43435e-09
-0.0018665 3.71327e-09
-0.0018655 2.92552e-09
-0.0018645 2.13066e-09
-0.0018635 1.3906e-09
-0.0018625 7.64825e-10
-0.0018615 3.05698e-10
-0.0018605 5.41772e-11
-0.0018595 3.64304e-11
-0.0018585 2.61539e-10
-0.0018575 7.2054e-10
-0.0018565 1.38688e-09
-0.0018555 2.21825e-09
-0.0018545 3.15971e-09
-0.0018535 4.14776e-09
-0.0018525 5.11514e-09
-0.0018515 5.99585e-09
-0.0018505 6.73017e-09
-0.0018495 7.26898e-09
-0.0018485 7.57739e-09
-0.0018475 7.63709e-09
-0.0018465 7.44744e-09
-0.0018455 7.02509e-09
-0.0018445 6.40229e-09
-0.0018435 5.62402e-09
-0.0018425 4.74414e-09
-0.0018415 3.82094e-09
-0.0018405 2.91253e-09
-0.0018395 2.07228e-09
-0.0018385 1.34495e-09
-0.0018375 7.63522e-10
-0.0018365 3.4723e-10
-0.0018355 1.00782e-10
-0.0018345 1.48488e-11
-0.0018335 6.77299e-11
-0.0018325 2.28028e-10
-0.0018315 4.5805e-10
-0.0018305 7.17623e-10
-0.0018295 9.67959e-10
-0.0018285 1.17524e-09
-0.0018275 1.31356e-09
-0.0018265 1.36707e-09
-0.0018255 1.33098e-09
-0.0018245 1.21157e-09
-0.0018235 1.02506e-09
-0.0018225 7.95526e-10
-0.0018215 5.52125e-10
-0.0018205 3.25858e-10
-0.0018195 1.46198e-10
-0.0018185 3.79158e-11
-0.0018175 1.84235e-11
-0.0018165 9.58654e-11
-0.0018155 2.68157e-10
-0.0018145 5.23056e-10
-0.0018135 8.39261e-10
-0.0018125 1.18843e-09
-0.0018115 1.53792e-09
-0.0018105 1.85405e-09
-0.0018095 2.1054e-09
-0.0018085 2.26614e-09
-0.0018075 2.31868e-09
-0.0018065 2.25575e-09
-0.0018055 2.08145e-09
-0.0018045 1.81125e-09
-0.0018035 1.47095e-09
-0.0018025 1.09461e-09
-0.0018015 7.21706e-10
-0.0018005 3.93619e-10
-0.0017995 1.49972e-10
-0.0017985 2.49497e-11
-0.0017975 4.40427e-11
-0.0017965 2.21482e-10
-0.0017955 5.58599e-10
-0.0017945 1.04329e-09
-0.0017935 1.65059e-09
-0.0017925 2.34445e-09
-0.0017915 3.0804e-09
-0.0017905 3.80898e-09
-0.0017895 4.47974e-09
-0.0017885 5.04522e-09
-0.0017875 5.46483e-09
-0.0017865 5.70814e-09
-0.0017855 5.75737e-09
-0.0017845 5.60884e-09
-0.0017835 5.27327e-09
-0.0017825 4.7749e-09
-0.0017815 4.14954e-09
-0.0017805 3.44163e-09
-0.0017795 2.70071e-09
-0.0017785 1.97745e-09
-0.0017775 1.3197e-09
-0.0017765 7.6879e-10
-0.0017755 3.5646e-10
-0.0017745 1.02636e-10
-0.0017735 1.42206e-11
-0.0017725 8.49874e-11
-0.0017715 2.96562e-10
-0.0017705 6.20373e-10
-0.0017695 1.02039e-09
-0.0017685 1.4564e-09
-0.0017675 1.88746e-09
-0.0017665 2.27537e-09
-0.0017655 2.58769e-09
-0.0017645 2.80012e-09
-0.0017635 2.89818e-09
-0.0017625 2.87779e-09
-0.0017615 2.74505e-09
-0.0017605 2.51506e-09
-0.0017595 2.20996e-09
-0.0017585 1.8565e-09
-0.0017575 1.4833e-09
-0.0017565 1.11806e-09
-0.0017555 7.85032e-10
-0.0017545 5.03025e-10
-0.0017535 2.83995e-10
-0.0017525 1.32455e-10
-0.0017515 4.56744e-11
-0.0017505 1.46384e-11
-0.0017495 2.56356e-11
-0.0017485 6.22945e-11
-0.0017475 1.07837e-10
-0.0017465 1.47302e-10
-0.0017455 1.69504e-10
-0.0017445 1.68494e-10
-0.0017435 1.44396e-10
-0.0017425 1.03485e-10
-0.0017415 5.75236e-11
-0.0017405 2.2399e-11
-0.0017395 1.62096e-11
-0.0017385 5.69904e-11
-0.0017375 1.60321e-10
-0.0017365 3.37075e-10
-0.0017355 5.91553e-10
-0.0017345 9.20232e-10
-0.0017335 1.31127e-09
-0.0017325 1.7449e-09
-0.0017315 2.19464e-09
-0.0017305 2.62934e-09
-0.0017295 3.01582e-09
-0.0017285 3.32191e-09
-0.0017275 3.51962e-09
-0.0017265 3.58811e-09
-0.0017255 3.51619e-09
-0.0017245 3.30406e-09
-0.0017235 2.96413e-09
-0.0017225 2.52077e-09
-0.0017215 2.00897e-09
-0.0017205 1.47194e-09
-0.0017195 9.57892e-10
-0.0017185 5.16211e-10
-0.0017175 1.93307e-10
-0.0017165 2.85565e-11
-0.0017155 5.06529e-11
-0.0017145 2.74706e-10
-0.0017135 7.00377e-10
-0.0017125 1.31123e-09
-0.0017115 2.07543e-09
-0.0017105 2.94768e-09
-0.0017095 3.87243e-09
-0.0017085 4.78792e-09
-0.0017075 5.63091e-09
-0.0017065 6.34164e-09
-0.0017055 6.86856e-09
-0.0017045 7.17259e-09
-0.0017035 7.23036e-09
-0.0017025 7.03624e-09
-0.0017015 6.60305e-09
-0.0017005 5.96118e-09
-0.0016995 5.15634e-09
-0.0016985 4.24607e-09
-0.0016975 3.29523e-09
-0.0016965 2.37091e-09
-0.0016955 1.53719e-09
-0.0016945 8.50023e-10
-0.0016935 3.5293e-10
-0.0016925 7.36265e-11
-0.0016915 2.19919e-11
-0.0016905 1.8951e-10
-0.0016895 5.50227e-10
-0.0016885 1.06315e-09
-0.0016875 1.67587e-09
-0.0016865 2.3291e-09
-0.0016855 2.96175e-09
-0.0016845 3.5161e-09
-0.0016835 3.94263e-09
-0.0016825 4.20411e-09
-0.0016815 4.27854e-09
-0.0016805 4.16086e-09
-0.0016795 3.86308e-09
-0.0016785 3.41301e-09
-0.0016775 2.85157e-09
-0.0016765 2.22911e-09
-0.0016755 1.60076e-09
-0.0016745 1.02165e-09
-0.0016735 5.41945e-10
-0.0016725 2.02542e-10
-0.0016715 3.15227e-11
-0.0016705 4.18035e-11
-0.0016695 2.30129e-10
-0.0016685 5.77507e-10
-0.0016675 1.05102e-09
-0.0016665 1.60685e-09
-0.0016655 2.19428e-09
-0.0016645 2.76019e-09
-0.0016635 3.25381e-09
-0.0016625 3.63122e-09
-0.0016615 3.85916e-09
-0.0016605 3.9179e-09
-0.0016595 3.80289e-09
-0.0016585 3.52505e-09
-0.0016575 3.10965e-09
-0.0016565 2.594e-09
-0.0016555 2.024e-09
-0.0016545 1.44997e-09
-0.0016535 9.2222e-10
-0.0016525 4.86477e-10
-0.0016515 1.79917e-10
-0.0016505 2.79008e-11
-0.0016495 4.18178e-11
-0.0016485 2.18192e-10
-0.0016475 5.39121e-10
-0.0016465 9.74003e-10
-0.0016455 1.48238e-09
-0.0016445 2.01764e-09
-0.0016435 2.53126e-09
-0.0016425 2.97711e-09
-0.0016415 3.31561e-09
-0.0016405 3.51716e-09
-0.0016395 3.56469e-09
-0.0016385 3.45503e-09
-0.0016375 3.19903e-09
-0.0016365 2.82039e-09
-0.0016355 2.35336e-09
-0.0016345 1.83947e-09
-0.0016335 1.32366e-09
-0.0016325 8.50163e-10
-0.0016315 4.58417e-10
-0.0016305 1.79557e-10
-0.0016295 3.36496e-11
-0.0016285 2.80067e-11
-0.0016275 1.56691e-10
-0.0016265 4.01268e-10
-0.0016255 7.32714e-10
-0.0016245 1.11431e-09
-0.0016235 1.50523e-09
-0.0016225 1.8645e-09
-0.0016215 2.15496e-09
-0.0016205 2.3468e-09
-0.0016195 2.42045e-09
-0.0016185 2.36843e-09
-0.0016175 2.19609e-09
-0.0016165 1.92106e-09
-0.0016155 1.57157e-09
-0.0016145 1.18374e-09
-0.0016135 7.98069e-10
-0.0016125 4.55524e-10
-0.0016115 1.93514e-10
-0.0016105 4.22024e-11
-0.0016095 2.14641e-11
-0.0016085 1.38799e-10
-0.0016075 3.88403e-10
-0.0016065 7.51503e-10
-0.0016055 1.19793e-09
-0.0016045 1.68878e-09
-0.0016035 2.18002e-09
-0.0016025 2.62653e-09
-0.0016015 2.98641e-09
-0.0016005 3.22503e-09
-0.0015995 3.31847e-09
-0.0015985 3.25604e-09
-0.0015975 3.04159e-09
-0.0015965 2.69354e-09
-0.0015955 2.24353e-09
-0.0015945 1.73384e-09
-0.0015935 1.21378e-09
-0.0015925 7.35326e-10
-0.0015915 3.4852e-10
-0.0015905 9.68405e-11
-0.0015895 1.31438e-11
-0.0015885 1.16457e-10
-0.0015875 4.09948e-10
-0.0015865 8.8027e-10
-0.0015855 1.49836e-09
-0.0015845 2.22163e-09
-0.0015835 2.99741e-09
-0.0015825 3.76724e-09
-0.0015815 4.47184e-09
-0.0015805 5.05612e-09
-0.0015795 5.4739e-09
-0.0015785 5.69189e-09
-0.0015775 5.6926e-09
-0.0015765 5.47587e-09
-0.0015755 5.05892e-09
-0.0015745 4.47488e-09
-0.0015735 3.76995e-09
-0.0015725 2.99942e-09
-0.0015715 2.22287e-09
-0.0015705 1.49907e-09
-0.0015695 8.80895e-10
-0.0015685 4.1085e-10
-0.0015675 1.17481e-10
-0.0015665 1.30808e-11
-0.0015655 9.28534e-11
-0.0015645 3.35623e-10
-0.0015635 7.06024e-10
-0.0015625 1.15797e-09
-0.0015615 1.63909e-09
-0.0015605 2.09573e-09
-0.0015595 2.47809e-09
-0.0015585 2.74493e-09
-0.0015575 2.86754e-09
-0.0015565 2.83255e-09
-0.0015555 2.64324e-09
-0.0015545 2.31936e-09
-0.0015535 1.89537e-09
-0.0015525 1.41726e-09
-0.0015515 9.38266e-10
-0.0015505 5.13812e-10
-0.0015495 1.96216e-10
-0.0015485 2.95623e-11
-0.0015475 4.52606e-11
-0.0015465 2.58707e-10
-0.0015455 6.67356e-10
-0.0015445 1.25042e-09
-0.0015435 1.9702e-09
-0.0015425 2.77509e-09
-0.0015415 3.60376e-09
-0.0015405 4.39047e-09
-0.0015395 5.07078e-09
-0.0015385 5.58733e-09
-0.0015375 5.8951e-09
-0.0015365 5.96565e-09
-0.0015355 5.79006e-09
-0.0015345 5.38009e-09
-0.0015335 4.76769e-09
-0.0015325 4.00261e-09
-0.0015315 3.14853e-09
-0.0015305 2.27783e-09
-0.0015295 1.46561e-09
-0.0015285 7.83309e-10
-0.0015275 2.92646e-10
-0.0015265 4.02477e-11
-0.0015255 5.35426e-11
-0.0015245 3.3824e-10
-0.0015235 8.77638e-10
-0.0015225 1.63383e-09
-0.0015215 2.5507e-09
-0.0015205 3.55849e-09
-0.0015195 4.57955e-09
-0.0015185 5.53468e-09
-0.0015175 6.34972e-09
-0.0015165 6.96162e-09
-0.0015155 7.3236e-09
-0.0015145 7.40886e-09
-0.0015135 7.21267e-09
-0.0015125 6.75244e-09
-0.0015115 6.06607e-09
-0.0015105 5.20839e-09
-0.0015095 4.24639e-09
-0.0015085 3.25329e-09
-0.0015075 2.30227e-09
-0.0015065 1.46027e-09
-0.0015055 7.82443e-10
-0.0015045 3.07714e-10
-0.0015035 5.58839e-11
-0.0015025 2.6472e-11
-0.0015015 1.99399e-10
-0.0015005 5.37427e-10
-0.0014995 9.90106e-10
-0.0014985 1.49887e-09
-0.0014975 2.00275e-09
-0.0014965 2.44427e-09
-0.0014955 2.77486e-09
-0.0014945 2.95933e-09
-0.0014935 2.97904e-09
-0.0014925 2.83344e-09
-0.0014915 2.53973e-09
-0.0014905 2.13094e-09
-0.0014895 1.65233e-09
-0.0014885 1.15668e-09
-0.0014875 6.98749e-10
-0.0014865 3.29614e-10
-0.0014855 9.12884e-11
-0.0014845 1.22471e-11
-0.0014835 1.04266e-10
-0.0014825 3.60919e-10
-0.0014815 7.57913e-10
-0.0014805 1.25525e-09
-0.0014795 1.80108e-09
-0.0014785 2.33682e-09
-0.0014775 2.80322e-09
-0.0014765 3.14669e-09
-0.0014755 3.32525e-09
-0.0014745 3.31374e-09
-0.0014735 3.10741e-09
-0.0014725 2.72386e-09
-0.0014715 2.20277e-09
-0.0014705 1.60353e-09
-0.0014695 1.00087e-09
-0.0014685 4.78788e-10
-0.0014675 1.23242e-10
-0.0014665 1.42969e-11
-0.0014655 2.18329e-10
-0.0014645 7.81032e-10
-0.0014635 1.72187e-09
-0.0014625 3.03054e-09
-0.0014615 4.66576e-09
-0.0014605 6.55673e-09
-0.0014595 8.60708e-09
-0.0014585 1.07011e-08
-0.0014575 1.27121e-08
-0.0014565 1.45113e-08
-0.0014555 1.59786e-08
-0.0014545 1.70111e-08
-0.0014535 1.75326e-08
-0.0014525 1.74996e-08
-0.0014515 1.69058e-08
-0.0014505 1.57838e-08
-0.0014495 1.4203e-08
-0.0014485 1.22656e-08
-0.0014475 1.00993e-08
-0.0014465 7.84836e-09
-0.0014455 5.6627e-09
-0.0014445 3.68701e-09
-0.0014435 2.0499e-09
-0.0014425 8.54264e-10
-0.0014415 1.69656e-10
-0.0014405 2.71678e-11
-0.0014395 4.1734e-10
-0.0014385 1.29121e-09
-0.0014375 2.56446e-09
-0.0014365 4.12422e-09
-0.0014355 5.83817e-09
-0.0014345 7.56501e-09
-0.0014335 9.16549e-09
-0.0014325 1.05133e-08
-0.0014315 1.15044e-08
-0.0014305 1.20653e-08
-0.0014295 1.21575e-08
-0.0014285 1.17802e-08
-0.0014275 1.09692e-08
-0.0014265 9.79337e-09
-0.0014255 8.34801e-09
-0.0014245 6.74659e-09
-0.0014235 5.11097e-09
-0.0014225 3.56121e-09
-0.0014215 2.20576e-09
-0.0014205 1.13287e-09
-0.0014195 4.03841e-10
-0.0014185 4.88048e-11
-0.0014175 6.51748e-11
-0.0014165 4.18967e-10
-0.0014155 1.04877e-09
-0.0014145 1.87199e-09
-0.0014135 2.79277e-09
-0.0014125 3.71092e-09
-0.0014115 4.53094e-09
-0.0014105 5.17051e-09
-0.0014095 5.56756e-09
-0.0014085 5.6854e-09
-0.0014075 5.51549e-09
-0.0014065 5.07757e-09
-0.0014055 4.41728e-09
-0.0014045 3.60142e-09
-0.0014035 2.71141e-09
-0.0014025 1.83543e-09
-0.0014015 1.06007e-09
-0.0014005 4.62279e-10
-0.0013995 1.02146e-10
-0.0013985 1.74155e-11
-0.0013975 2.20026e-10
-0.0013965 6.95067e-10
-0.0013955 1.4022e-09
-0.0013945 2.27941e-09
-0.0013935 3.24873e-09
-0.0013925 4.22343e-09
-0.0013915 5.11596e-09
-0.0013905 5.84596e-09
-0.0013895 6.34762e-09
-0.0013885 6.57572e-09
-0.0013875 6.50967e-09
-0.0013865 6.15549e-09
-0.0013855 5.54515e-09
-0.0013845 4.73374e-09
-0.0013835 3.79434e-09
-0.0013825 2.81142e-09
-0.0013815 1.87306e-09
-0.0013805 1.06293e-09
-0.0013795 4.52598e-10
-0.0013785 9.4952e-11
-0.0013775 1.93606e-11
-0.0013765 2.28933e-10
-0.0013755 7.00207e-10
-0.0013745 1.38528e-09
-0.0013735 2.21621e-09
-0.0013725 3.11129e-09
-0.0013715 3.98262e-09
-0.0013705 4.74437e-09
-0.0013695 5.32087e-09
-0.0013685 5.65389e-09
-0.0013675 5.70841e-09
-0.0013665 5.47627e-09
-0.0013655 4.97752e-09
-0.0013645 4.2591e-09
-0.0013635 3.3911e-09
-0.0013625 2.46083e-09
-0.0013615 1.56525e-09
-0.0013605 8.02368e-10
-0.0013595 2.62327e-10
-0.0013585 1.91011e-11
-0.0013575 1.2339e-10
-0.0013565 5.97447e-10
-0.0013555 1.43228e-09
-0.0013545 2.58755e-09
-0.0013535 3.99412e-09
-0.0013525 5.5592e-09
-0.0013515 7.17357e-09
-0.0013505 8.72029e-09
-0.0013495 1.00843e-08
-0.0013485 1.11619e-08
-0.0013475 1.18696e-08
-0.0013465 1.21508e-08
-0.0013455 1.19814e-08
-0.0013445 1.13715e-08
-0.0013435 1.03656e-08
-0.0013425 9.0385e-09
-0.0013415 7.49012e-09
-0.0013405 5.83734e-09
-0.0013395 4.20477e-09
-0.0013385 2.71484e-09
-0.0013375 1.47804e-09
-0.0013365 5.84254e-10
-0.0013355 9.56684e-11
-0.0013345 4.20955e-11
-0.0013335 4.18887e-10
-0.0013325 1.18768e-09
-0.0013315 2.27989e-09
-0.0013305 3.60258e-09
-0.0013295 5.04626e-09
-0.0013285 6.49389e-09
-0.0013275 7.83038e-09
-0.0013265 8.95172e-09
-0.0013255 9.77305e-09
-0.0013245 1.0235e-08
-0.0013235 1.03077e-08
-0.0013225 9.99237e-09
-0.0013215 9.32034e-09
-0.0013205 8.34934e-09
-0.0013195 7.15803e-09
-0.0013185 5.83867e-09
-0.0013175 4.48906e-09
-0.0013165 3.20418e-09
-0.0013155 2.06838e-09
-0.0013145 1.14878e-09
-0.0013135 4.9038e-10
-0.0013125 1.13275e-10
-0.0013115 1.2203e-11
-0.0013105 1.58318e-10
-0.0013095 5.03026e-10
-0.0013085 9.83447e-10
-0.0013075 1.52897e-09
-0.0013065 2.06827e-09
-0.0013055 2.53609e-09
-0.0013045 2.87923e-09
-0.0013035 3.06119e-09
-0.0013025 3.06492e-09
-0.0013015 2.89377e-09
-0.0013005 2.57025e-09
-0.0012995 2.133e-09
-0.0012985 1.6322e-09
-0.0012975 1.12396e-09
-0.0012965 6.64185e-10
-0.0012955 3.02555e-10
-0.0012945 7.72997e-11
-0.0012935 1.11524e-11
-0.0012925 1.08986e-10
-0.0012915 3.5732e-10
-0.0012905 7.25771e-10
-0.0012895 1.1703e-09
-0.0012885 1.63795e-09
-0.0012875 2.07258e-09
-0.0012865 2.42114e-09
-0.0012855 2.63963e-09
-0.0012845 2.69848e-09
-0.0012835 2.5864e-09
-0.0012825 2.31266e-09
-0.0012815 1.90726e-09
-0.0012805 1.41898e-09
-0.0012795 9.11506e-10
-0.0012785 4.57903e-10
-0.0012775 1.33816e-10
-0.0012765 1.01568e-11
-0.0012755 1.45842e-10
-0.0012745 5.81305e-10
-0.0012735 1.33341e-09
-0.0012725 2.39227e-09
-0.0012715 3.72037e-09
-0.0012705 5.25412e-09
-0.0012695 6.90775e-09
-0.0012685 8.57944e-09
-0.0012675 1.0159e-08
-0.0012665 1.15365e-08
-0.0012655 1.26116e-08
-0.0012645 1.3302e-08
-0.0012635 1.35506e-08
-0.0012625 1.33312e-08
-0.0012615 1.26517e-08
-0.0012605 1.15544e-08
-0.0012595 1.01132e-08
-0.0012585 8.42926e-09
-0.0012575 6.62299e-09
-0.0012565 4.8253e-09
-0.0012555 3.1675e-09
-0.0012545 1.77104e-09
-0.0012535 7.37945e-10
-0.0012525 1.42791e-10
-0.0012515 2.66884e-11
-0.0012505 3.94006e-10
-0.0012495 1.21198e-09
-0.0012485 2.41332e-09
-0.0012475 3.90155e-09
-0.0012465 5.5587e-09
-0.0012455 7.25468e-09
-0.0012445 8.85764e-09
-0.0012435 1.02443e-08
-0.0012425 1.13095e-08
-0.0012415 1.19745e-08
-0.0012405 1.21924e-08
-0.0012395 1.19518e-08
-0.0012385 1.12766e-08
-0.0012375 1.02235e-08
-0.0012365 8.87668e-09
-0.0012355 7.34042e-09
-0.0012345 5.72993e-09
-0.0012335 4.16171e-09
-0.0012325 2.7439e-09
-0.0012315 1.56758e-09
-0.0012305 6.99676e-10
-0.0012295 1.78126e-10
-0.0012285 9.64608e-12
-0.0012275 1.7024e-10
-0.0012265 6.08392e-10
-0.0012255 1.25061e-09
-0.0012245 2.00877e-09
-0.0012235 2.78868e-09
-0.0012225 3.49892e-09
-0.0012215 4.05937e-09
-0.0012205 4.40854e-09
-0.0012195 4.50905e-09
-0.0012185 4.35093e-09
-0.0012175 3.95225e-09
-0.0012165 3.35725e-09
-0.0012155 2.63208e-09
-0.0012145 1.85841e-09
-0.0012135 1.12579e-09
-0.0012125 5.23173e-10
-0.0012115 1.30519e-10
-0.0012105 1.11684e-11
-0.0012095 2.05712e-10
-0.0012085 7.27862e-10
-0.0012075 1.56271e-09
-0.0012065 2.6675e-09
-0.0012055 3.97492e-09
-0.0012045 5.39848e-09
-0.0012035 6.83963e-09
-0.0012025 8.19594e-09
-0.0012015 9.3696e-09
-0.0012005 1.02756e-08
-0.0011995 1.08485e-08
-0.0011985 1.1048e-08
-0.0011975 1.08619e-08
-0.0011965 1.03069e-08
-0.0011955 9.42672e-09
-0.0011945 8.28812e-09
-0.0011935 6.97501e-09
-0.0011925 5.58109e-09
-0.0011915 4.20189e-09
-0.0011905 2.92674e-09
-0.0011895 1.83151e-09
-0.0011885 9.72689e-10
-0.0011875 3.83305e-10
-0.0011865 7.10788e-11
-0.0011855 1.88792e-11
-0.0011845 1.8745e-10
-0.0011835 5.20106e-10
-0.0011825 9.4895e-10
-0.0011815 1.40201e-09
-0.0011805 1.81063e-09
-0.0011795 2.11644e-09
-0.0011785 2.27718e-09
-0.0011775 2.27097e-09
-0.0011765 2.09851e-09
-0.0011755 1.78303e-09
-0.0011745 1.36806e-09
-0.0011735 9.13163e-10
-0.0011725 4.87976e-10
-0.0011715 1.6528e-10
-0.0011705 1.35443e-11
-0.0011695 8.97704e-11
-0.0011685 4.33248e-10
-0.0011675 1.06084e-09
-0.0011665 1.96423e-09
-0.0011655 3.10946e-09
-0.0011645 4.43874e-09
-0.0011635 5.87456e-09
-0.0011625 7.32557e-09
-0.0011615 8.69393e-09
-0.0011605 9.88333e-09
-0.0011595 1.08071e-08
-0.0011585 1.13956e-08
-0.0011575 1.16025e-08
-0.0011565 1.14087e-08
-0.0011555 1.08248e-08
-0.0011545 9.89004e-09
-0.0011535 8.67012e-09
-0.0011525 7.25169e-09
-0.0011515 5.73573e-09
-0.0011505 4.2295e-09
-0.0011495 2.83806e-09
-0.0011485 1.65595e-09
-0.0011475 7.59774e-10
-0.0011465 2.02362e-10
-0.0011455 8.87939e-12
-0.0011445 1.75298e-10
-0.0011435 6.6929e-10
-0.0011425 1.43344e-09
-0.0011415 2.39051e-09
-0.0011405 3.4502e-09
-0.0011395 4.51695e-09
-0.0011385 5.49792e-09
-0.0011375 6.31059e-09
-0.0011365 6.88934e-09
-0.0011355 7.19029e-09
-0.0011345 7.1943e-09
-0.0011335 6.90764e-09
-0.0011325 6.36046e-09
-0.0011315 5.60324e-09
-0.0011305 4.70158e-09
-0.0011295 3.72977e-09
-0.0011285 2.76386e-09
-0.0011275 1.87476e-09
-0.0011265 1.1221e-09
-0.0011255 5.49309e-10
-0.0011245 1.80407e-10
-0.0011235 1.86916e-11
-0.0011225 4.74949e-11
-0.0011215 2.32813e-10
-0.0011205 5.27558e-10
-0.0011195 8.76982e-10
-0.0011185 1.22473e-09
-0.0011175 1.51891e-09
-0.0011165 1.71762e-09
-0.0011155 1.79331e-09
-0.0011145 1.7357e-09
-0.0011135 1.55277e-09
-0.0011125 1.26995e-09
-0.0011115 9.27377e-10
-0.0011105 5.75659e-10
-0.0011095 2.70445e-10
-0.0011085 6.63925e-11
-0.0011075 1.111e-11
-0.0011065 1.39672e-10
-0.0011055 4.70273e-10
-0.0011045 1.00147e-09
-0.0011035 1.7113e-09
-0.0011025 2.55845e-09
-0.0011015 3.48534e-09
-0.0011005 4.42294e-09
-0.0010995 5.29686e-09
-0.0010985 6.03415e-09
-0.0010975 6.57027e-09
-0.0010965 6.85544e-09
-0.0010955 6.85986e-09
-0.0010945 6.57723e-09
-0.0010935 6.02622e-09
-0.0010925 5.24971e-09
-0.0010915 4.31173e-09
-0.0010905 3.29244e-09
-0.0010895 2.28146e-09
-0.0010885 1.37017e-09
-0.0010875 6.43621e-10
-0.0010865 1.72827e-10
-0.0010855 8.06128e-12
-0.0010845 1.73872e-10
-0.0010835 6.66256e-10
-0.0010825 1.4523e-09
-0.0010815 2.4724e-09
-0.0010805 3.64487e-09
-0.0010795 4.87268e-09
-0.0010785 6.05165e-09
-0.0010775 7.07951e-09
-0.0010765 7.86499e-09
-0.0010755 8.3362e-09
-0.0010745 8.44742e-09
-0.0010735 8.18387e-09
-0.0010725 7.5638e-09
-0.0010715 6.63782e-09
-0.0010705 5.4854e-09
-0.0010695 4.20874e-09
-0.0010685 2.92459e-09
-0.0010675 1.75467e-09
-0.0010665 8.15352e-10
-0.0010655 2.07679e-10
-0.0010645 8.39953e-12
-0.0010635 2.62896e-10
-0.0010625 9.80605e-10
-0.0010615 2.13335e-09
-0.0010605 3.65677e-09
-0.0010595 5.4548e-09
-0.0010585 7.40677e-09
-0.0010575 9.37674e-09
-0.0010565 1.12241e-08
-0.0010555 1.28146e-08
-0.0010545 1.40313e-08
-0.0010535 1.47838e-08
-0.0010525 1.50157e-08
-0.0010515 1.47091e-08
-0.0010505 1.38862e-08
-0.0010495 1.26076e-08
-0.0010485 1.09675e-08
-0.0010475 9.08602e-09
-0.0010465 7.09998e-09
-0.0010455 5.15176e-09
-0.0010445 3.37813e-09
-0.0010435 1.89954e-09
-0.0010425 8.108e-10
-0.0010415 1.73952e-10
-0.0010405 1.3881e-11
-0.0010395 3.17009e-10
-0.0010385 1.03315e-09
-0.0010375 2.08034e-09
-0.0010365 3.35221e-09
-0.0010355 4.72722e-09
-0.0010345 6.07903e-09
-0.0010335 7.2871e-09
-0.0010325 8.24651e-09
-0.0010315 8.87645e-09
-0.0010305 9.12635e-09
-0.0010295 8.97947e-09
-0.0010285 8.45348e-09
-0.0010275 7.59816e-09
-0.0010265 6.49034e-09
-0.0010255 5.22669e-09
-0.0010245 3.91495e-09
-0.0010235 2.66434e-09
-0.0010225 1.57605e-09
-0.0010215 7.34654e-10
-0.0010205 2.01095e-10
-0.0010195 7.88574e-12
-0.0010185 1.56877e-10
-0.0010175 6.19768e-10
-0.0010165 1.34124e-09
-0.0010155 2.24443e-09
-0.0010145 3.23817e-09
-0.0010135 4.22542e-09
-0.0010125 5.11201e-09
-0.0010115 5.81501e-09
-0.0010105 6.27e-09
-0.0010095 6.43649e-09
-0.0010085 6.30119e-09
-0.0010075 5.87877e-09
-0.0010065 5.21018e-09
-0.0010055 4.35852e-09
-0.0010045 3.40314e-09
-0.0010035 2.43225e-09
-0.0010025 1.53491e-09
-0.0010015 7.93032e-10
-0.0010005 2.74099e-10
-0.0009995 2.53161e-11
-0.0009985 6.96007e-11
-0.0009975 4.03807e-10
-0.0009965 9.99287e-10
-0.0009955 1.8047e-09
-0.0009945 2.75081e-09
-0.0009935 3.75676e-09
-0.0009925 4.73733e-09
-0.0009915 5.61041e-09
-0.0009905 6.30408e-09
-0.0009895 6.76265e-09
-0.0009885 6.95119e-09
-0.0009875 6.85802e-09
-0.0009865 6.49517e-09
-0.0009855 5.89669e-09
-0.0009845 5.11498e-09
-0.0009835 4.21564e-09
-0.0009825 3.27119e-09
-0.0009815 2.35441e-09
-0.0009805 1.53175e-09
-0.0009795 8.5764e-10
-0.0009785 3.69928e-10
-0.0009775 8.71418e-11
-0.0009765 7.57416e-12
-0.0009755 1.10354e-10
-0.0009745 3.58326e-10
-0.0009735 7.02431e-10
-0.0009725 1.08716e-09
-0.0009715 1.45649e-09
-0.0009705 1.75981e-09
-0.0009695 1.95708e-09
-0.0009685 2.02298e-09
-0.0009675 1.94941e-09
-0.0009665 1.74621e-09
-0.0009655 1.44003e-09
-0.0009645 1.07149e-09
-0.0009635 6.90854e-10
-0.0009625 3.52627e-10
-0.0009615 1.09733e-10
-0.0009605 7.708e-12
-0.0009595 7.95652e-11
-0.0009585 3.41833e-10
-0.0009575 7.92167e-10
-0.0009565 1.40881e-09
-0.0009555 2.15197e-09
-0.0009545 2.96702e-09
-0.0009535 3.78931e-09
-0.0009525 4.55e-09
-0.0009515 5.18255e-09
-0.0009505 5.62921e-09
-0.0009495 5.84677e-09
-0.0009485 5.81123e-09
-0.0009475 5.52074e-09
-0.0009465 4.99654e-09
-0.0009455 4.28184e-09
-0.0009445 3.43864e-09
-0.0009435 2.54272e-09
-0.0009425 1.67722e-09
-0.0009415 9.25495e-10
-0.0009405 3.63619e-10
-0.0009395 5.3516e-11
-0.0009385 3.71e-11
-0.0009375 3.32112e-10
-0.0009365 9.29998e-10
-0.0009355 1.79607e-09
-0.0009345 2.87194e-09
-0.0009335 4.08011e-09
-0.0009325 5.33026e-09
-0.0009315 6.52672e-09
-0.0009305 7.57651e-09
-0.0009295 8.39727e-09
-0.0009285 8.9242e-09
-0.0009275 9.11569e-09
-0.0009265 8.95685e-09
-0.0009255 8.46076e-09
-0.0009245 7.66737e-09
-0.0009235 6.63995e-09
-0.0009225 5.45961e-09
-0.0009215 4.21823e-09
-0.0009205 3.0105e-09
-0.0009195 1.9257e-09
-0.0009185 1.04007e-09
-0.0009175 4.10387e-10
-0.0009165 6.92311e-11
-0.0009155 2.2594e-11
-0.0009145 2.49821e-10
-0.0009135 7.06016e-10
-0.0009125 1.32664e-09
-0.0009115 2.0339e-09
-0.0009105 2.74435e-09
-0.0009095 3.37694e-09
-0.0009085 3.86088e-09
-0.0009075 4.14252e-09
-0.0009065 4.19055e-09
-0.0009055 3.99913e-09
-0.0009045 3.58866e-09
-0.0009035 3.0039e-09
-0.0009025 2.30987e-09
-0.0009015 1.58566e-09
-0.0009005 9.16866e-10
-0.0008995 3.87254e-10
-0.0008985 7.04206e-11
-0.0008975 2.22981e-11
-0.0008965 2.75151e-10
-0.0008955 8.33677e-10
-0.0008945 1.67361e-09
-0.0008935 2.74302e-09
-0.0008925 3.96616e-09
-0.0008915 5.24974e-09
-0.0008905 6.49085e-09
-0.0008895 7.58612e-09
-0.0008885 8.44105e-09
-0.0008875 8.97887e-09
-0.0008865 9.14803e-09
-0.0008855 8.92761e-09
-0.0008845 8.33015e-09
-0.0008835 7.40159e-09
-0.0008825 6.21826e-09
-0.0008815 4.88116e-09
-0.0008805 3.50783e-09
-0.0008795 2.22278e-09
-0.0008785 1.1469e-09
-0.0008775 3.87145e-10
-0.0008765 2.70442e-11
-0.0008755 1.19142e-10
-0.0008745 6.79888e-10
-0.0008735 1.68751e-09
-0.0008725 3.08311e-09
-0.0008715 4.77485e-09
-0.0008705 6.64499e-09
-0.0008695 8.5592e-09
-0.0008685 1.03773e-08
-0.0008675 1.19645e-08
-0.0008665 1.32025e-08
-0.0008655 1.39989e-08
-0.0008645 1.42951e-08
-0.0008635 1.40702e-08
-0.0008625 1.33434e-08
-0.0008615 1.21718e-08
-0.0008605 1.06451e-08
-0.0008595 8.87851e-09
-0.0008585 7.00273e-09
-0.0008575 5.15286e-09
-0.0008565 3.45728e-09
-0.0008555 2.02707e-09
-0.0008545 9.47053e-10
-0.0008535 2.69255e-10
-0.0008525 9.2767e-12
-0.0008515 1.45906e-10
-0.0008505 6.23994e-10
-0.0008495 1.36031e-09
-0.0008485 2.25183e-09
-0.0008475 3.18574e-09
-0.0008465 4.05024e-09
-0.0008455 4.74513e-09
-0.0008445 5.19134e-09
-0.0008435 5.33837e-09
-0.0008425 5.16922e-09
-0.0008415 4.70205e-09
-0.0008405 3.98869e-09
-0.0008395 3.11e-09
-0.0008385 2.16843e-09
-0.0008375 1.27855e-09
-0.0008365 5.56388e-10
-0.0008355 1.0839e-10
-0.0008345 2.11602e-11
-0.0008335 3.52808e-10
-0.0008325 1.12672e-09
-0.0008315 2.3283e-09
-0.0008305 3.9051e-09
-0.0008295 5.77018e-09
-0.0008285 7.80859e-09
-0.0008275 9.88639e-09
-0.0008265 1.18614e-08
-0.0008255 1.35947e-08
-0.0008245 1.49622e-08
-0.0008235 1.58649e-08
-0.0008225 1.62369e-08
-0.0008215 1.6051e-08
-0.0008205 1.53211e-08
-0.0008195 1.41008e-08
-0.0008185 1.2479e-08
-0.0008175 1.05725e-08
-0.0008165 8.51601e-09
-0.0008155 6.45163e-09
-0.0008145 4.51668e-09
-0.0008135 2.83292e-09
-0.0008125 1.49694e-09
-0.0008115 5.72882e-10
-0.0008105 8.80879e-11
-0.0008095 3.20086e-11
-0.0008085 3.58422e-10
-0.0008075 9.9073e-10
-0.0008065 1.82983e-09
-0.0008055 2.7638e-09
-0.0008045 3.6786e-09
-0.0008035 4.46863e-09
-0.0008025 5.04642e-09
-0.0008015 5.35039e-09
-0.0008005 5.35014e-09
-0.0007995 5.04864e-09
-0.0007985 4.48133e-09
-0.0007975 3.71214e-09
-0.0007965 2.82681e-09
-0.0007955 1.92414e-09
-0.0007945 1.10613e-09
-0.0007935 4.67764e-10
-0.0007925 8.74474e-11
-0.0007915 1.91051e-11
-0.0007905 2.86547e-10
-0.0007895 8.8072e-10
-0.0007885 1.7601e-09
-0.0007875 2.85418e-09
-0.0007865 4.06983e-09
-0.0007855 5.29984e-09
-0.0007845 6.43295e-09
-0.0007835 7.3644e-09
-0.0007825 8.00603e-09
-0.0007815 8.29504e-09
-0.0007805 8.20039e-09
-0.0007795 7.72648e-09
-0.0007785 6.91345e-09
-0.0007775 5.8343e-09
-0.0007765 4.58876e-09
-0.0007755 3.29468e-09
-0.0007745 2.07753e-09
-0.0007735 1.05902e-09
-0.0007725 3.45786e-10
-0.0007715 1.93085e-11
-0.0007705 1.27887e-10
-0.0007695 6.81477e-10
-0.0007685 1.64991e-09
-0.0007675 2.96474e-09
-0.0007665 4.52451e-09
-0.0007655 6.20323e-09
-0.0007645 7.8611e-09
-0.0007635 9.35674e-09
-0.0007625 1.05598e-08
-0.0007615 1.1363e-08
-0.0007605 1.16918e-08
-0.0007595 1.15122e-08
-0.0007585 1.08343e-08
-0.0007575 9.7124e-09
-0.0007565 8.24141e-09
-0.0007555 6.54904e-09
-0.0007545 4.78542e-09
-0.0007535 3.11046e-09
-0.0007525 1.68003e-09
-0.0007515 6.32341e-10
-0.0007505 7.55705e-11
-0.0007495 7.7924e-11
-0.0007485 6.60958e-10
-0.0007475 1.79685e-09
-0.0007465 3.40985e-09
-0.0007455 5.38194e-09
-0.0007445 7.56217e-09
-0.0007435 9.77893e-09
-0.0007425 1.18542e-08
-0.0007415 1.36187e-08
-0.0007405 1.4926e-08
-0.0007395 1.56657e-08
-0.0007385 1.57728e-08
-0.0007375 1.5234e-08
-0.0007365 1.40895e-08
-0.0007355 1.24302e-08
-0.0007345 1.0391e-08
-0.0007335 8.13956e-09
-0.0007325 5.86327e-09
-0.0007315 3.75355e-09
-0.0007305 1.99027e-09
-0.0007295 7.26736e-10
-0.0007285 7.69903e-11
-0.0007275 1.0615e-10
-0.0007265 8.2485e-10
-0.0007255 2.18813e-09
-0.0007245 4.09891e-09
-0.0007235 6.41575e-09
-0.0007225 8.96421e-09
-0.0007215 1.1551e-08
-0.0007205 1.39795e-08
-0.0007195 1.60654e-08
-0.0007185 1.76518e-08
-0.0007175 1.8621e-08
-0.0007165 1.89038e-08
-0.0007155 1.84844e-08
-0.0007145 1.74009e-08
-0.0007135 1.57412e-08
-0.0007125 1.36353e-08
-0.0007115 1.12439e-08
-0.0007105 8.74457e-09
-0.0007095 6.31716e-09
-0.0007085 4.129e-09
-0.0007075 2.32158e-09
-0.0007065 9.99686e-10
-0.0007055 2.23834e-10
-0.0007045 6.70182e-12
-0.0007035 3.13673e-10
-0.0007025 1.06745e-09
-0.0007015 2.15622e-09
-0.0007005 3.4446e-09
-0.0006995 4.78638e-09
-0.0006985 6.03787e-09
-0.0006975 7.07068e-09
-0.0006965 7.78285e-09
-0.0006955 8.10729e-09
-0.0006945 8.01695e-09
-0.0006935 7.52619e-09
-0.0006925 6.68841e-09
-0.0006915 5.5901e-09
-0.0006905 4.34205e-09
-0.0006895 3.06843e-09
-0.0006885 1.89484e-09
-0.0006875 9.36427e-10
-0.0006865 2.8712e-10
-0.0006855 1.10024e-11
-0.0006845 1.36545e-10
-0.0006835 6.5421e-10
-0.0006825 1.51762e-09
-0.0006815 2.64811e-09
-0.0006805 3.94229e-09
-0.0006795 5.28176e-09
-0.0006785 6.54419e-09
-0.0006775 7.6147e-09
-0.0006765 8.39637e-09
-0.0006755 8.81912e-09
-0.0006745 8.84596e-09
-0.0006735 8.47615e-09
-0.0006725 7.74501e-09
-0.0006715 6.72028e-09
-0.0006705 5.49565e-09
-0.0006695 4.18174e-09
-0.0006685 2.89571e-09
-0.0006675 1.75025e-09
-0.0006665 8.43088e-10
-0.0006655 2.47961e-10
-0.0006645 7.9015e-12
-0.0006635 1.31471e-10
-0.0006625 5.92266e-10
-0.0006615 1.33176e-09
-0.0006605 2.2652e-09
-0.0006595 3.29e-09
-0.0006585 4.29586e-09
-0.0006575 5.17559e-09
-0.0006565 5.83571e-09
-0.0006555 6.20575e-09
-0.0006545 6.24535e-09
-0.0006535 5.94855e-09
-0.0006525 5.34472e-09
-0.0006515 4.49616e-09
-0.0006505 3.49242e-09
-0.0006495 2.44192e-09
-0.0006485 1.46171e-09
-0.0006475 6.66116e-10
-0.0006465 1.55533e-10
-0.0006455 6.29425e-12
-0.0006445 2.62659e-10
-0.0006435 9.31667e-10
-0.0006425 1.9814e-09
-0.0006415 3.34289e-09
-0.0006405 4.91547e-09
-0.0006395 6.57534e-09
-0.0006385 8.18627e-09
-0.0006375 9.6119e-09
-0.0006365 1.07282e-08
-0.0006355 1.1435e-08
-0.0006345 1.16658e-08
-0.0006335 1.13946e-08
-0.0006325 1.06391e-08
-0.0006315 9.46023e-09
-0.0006305 7.9574e-09
-0.0006295 6.26069e-09
-0.0006285 4.5197e-09
-0.0006275 2.89063e-09
-0.0006265 1.52251e-09
-0.0006255 5.43822e-10
-0.0006245 5.06938e-11
-0.0006235 9.78193e-11
-0.0006225 6.929e-10
-0.0006215 1.79518e-09
-0.0006205 3.31829e-09
-0.0006195 5.13715e-09
-0.0006185 7.0985e-09
-0.0006175 9.03402e-09
-0.0006165 1.07751e-08
-0.0006155 1.21676e-08
-0.0006145 1.30861e-08
-0.0006135 1.34454e-08
-0.0006125 1.32086e-08
-0.0006115 1.23912e-08
-0.0006105 1.10611e-08
-0.0006095 9.33308e-09
-0.0006085 7.35978e-09
-0.0006075 5.31896e-09
-0.0006065 3.39842e-09
-0.0006055 1.77978e-09
-0.0006045 6.22547e-10
-0.0006035 4.98708e-11
-0.0006025 1.37251e-10
-0.0006015 9.05153e-10
-0.0006005 2.31629e-09
-0.0005995 4.27783e-09
-0.0005985 6.64836e-09
-0.0005975 9.24914e-09
-0.0005965 1.18787e-08
-0.0005955 1.43293e-08
-0.0005945 1.64048e-08
-0.0005935 1.79365e-08
-0.0005925 1.87984e-08
-0.0005915 1.89173e-08
-0.0005905 1.82801e-08
-0.0005895 1.69351e-08
-0.0005885 1.49884e-08
-0.0005875 1.25958e-08
-0.0005865 9.94986e-09
-0.0005855 7.26454e-09
-0.0005845 4.75757e-09
-0.0005835 2.63264e-09
-0.0005825 1.06271e-09
-0.0005815 1.75923e-10
-0.0005805 4.51866e-11
-0.0005795 6.82396e-10
-0.0005785 2.0377e-09
-0.0005775 4.00389e-09
-0.0005765 6.42543e-09
-0.0005755 9.11148e-09
-0.0005745 1.18516e-08
-0.0005735 1.44331e-08
-0.0005725 1.66578e-08
-0.0005715 1.83584e-08
-0.0005705 1.94108e-08
-0.0005695 1.97435e-08
-0.0005685 1.9342e-08
-0.0005675 1.82486e-08
-0.0005665 1.65574e-08
-0.0005655 1.4405e-08
-0.0005645 1.19577e-08
-0.0005635 9.39713e-09
-0.0005625 6.90408e-09
-0.0005615 4.64369e-09
-0.0005605 2.75203e-09
-0.0005595 1.32577e-09
-0.0005585 4.15635e-10
-0.0005575 2.42013e-11
-0.0005565 1.08052e-10
-0.0005555 5.84081e-10
-0.0005545 1.33922e-09
-0.0005535 2.24263e-09
-0.0005525 3.15923e-09
-0.0005515 3.96319e-09
-0.0005505 4.55021e-09
-0.0005495 4.84743e-09
-0.0005485 4.82001e-09
-0.0005475 4.47393e-09
-0.0005465 3.85468e-09
-0.0005455 3.04203e-09
-0.0005445 2.14143e-09
-0.0005435 1.27296e-09
-0.0005425 5.58717e-10
-0.0005415 1.10049e-10
-0.0005405 1.57836e-11
-0.0005395 3.32564e-10
-0.0005385 1.07827e-09
-0.0005375 2.22913e-09
-0.0005365 3.72088e-09
-0.0005355 5.45377e-09
-0.0005345 7.3011e-09
-0.0005335 9.12044e-09
-0.0005325 1.07664e-08
-0.0005315 1.21041e-08
-0.0005305 1.30214e-08
-0.0005295 1.34397e-08
-0.0005285 1.33213e-08
-0.0005275 1.26734e-08
-0.0005265 1.15475e-08
-0.0005255 1.00357e-08
-0.0005245 8.26201e-09
-0.0005235 6.37159e-09
-0.0005225 4.51763e-09
-0.0005215 2.84755e-09
-0.0005205 1.48961e-09
-0.0005195 5.41378e-10
-0.0005185 6.0956e-11
-0.0005175 6.19348e-11
-0.0005165 5.12506e-10
-0.0005155 1.33887e-09
-0.0005145 2.43264e-09
-0.0005135 3.6616e-09
-0.0005125 4.88276e-09
-0.0005115 5.9566e-09
-0.0005105 6.76104e-09
-0.0005095 7.20391e-09
-0.0005085 7.23263e-09
-0.0005075 6.84017e-09
-0.0005065 6.06669e-09
-0.0005055 4.99651e-09
-0.0005045 3.75083e-09
-0.0005035 2.47656e-09
-0.0005025 1.33243e-09
-0.0005015 4.73491e-10
-0.0005005 3.56236e-11
-0.0004995 1.21299e-10
-0.0004985 7.88138e-10
-0.0004975 2.04134e-09
-0.0004965 3.83079e-09
-0.0004955 6.05331e-09
-0.0004945 8.55988e-09
-0.0004935 1.11674e-08
-0.0004925 1.36741e-08
-0.0004915 1.58769e-08
-0.0004905 1.75899e-08
-0.0004895 1.86617e-08
-0.0004885 1.89901e-08
-0.0004875 1.85331e-08
-0.0004865 1.73149e-08
-0.0004855 1.54256e-08
-0.0004845 1.30164e-08
-0.0004835 1.02875e-08
-0.0004825 7.47282e-09
-0.0004815 4.82055e-09
-0.0004805 2.57224e-09
-0.0004795 9.41711e-10
-0.0004785 9.59776e-11
-0.0004775 1.39664e-10
-0.0004765 1.10446e-09
-0.0004755 2.94459e-09
-0.0004745 5.53891e-09
-0.0004735 8.69944e-09
-0.0004725 1.21859e-08
-0.0004715 1.57249e-08
-0.0004705 1.90326e-08
-0.0004695 2.18384e-08
-0.0004685 2.39083e-08
-0.0004675 2.50652e-08
-0.0004665 2.5205e-08
-0.0004655 2.43068e-08
-0.0004645 2.24361e-08
-0.0004635 1.97408e-08
-0.0004625 1.64402e-08
-0.0004615 1.28076e-08
-0.0004605 9.14855e-09
-0.0004595 5.77566e-09
-0.0004585 2.98263e-09
-0.0004575 1.01959e-09
-0.0004565 7.17213e-11
-0.0004555 2.43096e-10
-0.0004545 1.54712e-09
-0.0004535 3.90443e-09
-0.0004525 7.1485e-09
-0.0004515 1.10386e-08
-0.0004505 1.52788e-08
-0.0004495 1.95421e-08
-0.0004485 2.34967e-08
-0.0004475 2.68334e-08
-0.0004465 2.92905e-08
-0.0004455 3.06755e-08
-0.0004445 3.0881e-08
-0.0004435 2.98926e-08
-0.0004425 2.77908e-08
-0.0004415 2.47433e-08
-0.0004405 2.09913e-08
-0.0004395 1.68289e-08
-0.0004385 1.25789e-08
-0.0004375 8.56566e-09
-0.0004365 5.08853e-09
-0.0004355 2.39727e-09
-0.0004345 6.71892e-10
-0.0004335 8.59304e-12
-0.0004325 4.12859e-10
-0.0004315 1.80035e-09
-0.0004305 4.00543e-09
-0.0004295 6.79655e-09
-0.0004285 9.89708e-09
-0.0004275 1.30099e-08
-0.0004265 1.58435e-08
-0.0004255 1.81372e-08
-0.0004245 1.96834e-08
-0.0004235 2.03454e-08
-0.0004225 2.00684e-08
-0.0004215 1.88833e-08
-0.0004205 1.6903e-08
-0.0004195 1.43118e-08
-0.0004185 1.13477e-08
-0.0004175 8.28115e-09
-0.0004165 5.39036e-09
-0.0004155 2.9362e-09
-0.0004145 1.13894e-09
-0.0004135 1.58616e-10
-0.0004125 8.08601e-11
-0.0004115 9.09476e-10
-0.0004105 2.56633e-09
-0.0004095 4.89858e-09
-0.0004085 7.6926e-09
-0.0004075 1.06933e-08
-0.0004065 1.36271e-08
-0.0004055 1.62267e-08
-0.0004045 1.82551e-08
-0.0004035 1.95271e-08
-0.0004025 1.99258e-08
-0.0004015 1.94136e-08
-0.0004005 1.80355e-08
-0.0003995 1.59157e-08
-0.0003985 1.32462e-08
-0.0003975 1.02703e-08
-0.0003965 7.26084e-09
-0.0003955 4.49591e-09
-0.0003945 2.23415e-09
-0.0003935 6.91582e-10
-0.0003925 2.21404e-11
-0.0003915 3.03731e-10
-0.0003905 1.53092e-09
-0.0003895 3.61497e-09
-0.0003885 6.39128e-09
-0.0003875 9.63346e-09
-0.0003865 1.30729e-08
-0.0003855 1.64222e-08
-0.0003845 1.93999e-08
-0.0003835 2.17553e-08
-0.0003825 2.329e-08
-0.0003815 2.38754e-08
-0.0003805 2.34634e-08
-0.0003795 2.20906e-08
-0.0003785 1.98749e-08
-0.0003775 1.70047e-08
-0.0003765 1.37225e-08
-0.0003755 1.0303e-08
-0.0003745 7.02902e-09
-0.0003735 4.16695e-09
-0.0003725 1.94308e-09
-0.0003715 5.24176e-10
-0.0003705 3.20575e-12
-0.0003695 3.91776e-10
-0.0003685 1.61985e-09
-0.0003675 3.54281e-09
-0.0003665 5.95517e-09
-0.0003655 8.6098e-09
-0.0003645 1.12407e-08
-0.0003635 1.35878e-08
-0.0003625 1.54205e-08
-0.0003615 1.65593e-08
-0.0003605 1.68923e-08
-0.0003595 1.63858e-08
-0.0003585 1.50874e-08
-0.0003575 1.31222e-08
-0.0003565 1.06815e-08
-0.0003555 8.0056e-09
-0.0003545 5.36228e-09
-0.0003535 3.02199e-09
-0.0003525 1.2332e-09
-0.0003515 1.99275e-10
-0.0003505 5.93431e-11
-0.0003495 8.74679e-10
-0.0003485 2.62202e-09
-0.0003475 5.19437e-09
-0.0003465 8.40927e-09
-0.0003455 1.20239e-08
-0.0003445 1.57554e-08
-0.0003435 1.93055e-08
-0.0003425 2.2386e-08
-0.0003415 2.47439e-08
-0.0003405 2.61836e-08
-0.0003395 2.65841e-08
-0.0003385 2.59098e-08
-0.0003375 2.42142e-08
-0.0003365 2.16352e-08
-0.0003355 1.83838e-08
-0.0003345 1.47257e-08
-0.0003335 1.09591e-08
-0.0003325 7.38877e-09
-0.0003315 4.29989e-09
-0.0003305 1.93405e-09
-0.0003295 4.68581e-10
-0.0003285 1.86361e-12
-0.0003275 5.45454e-10
-0.0003265 2.02389e-09
-0.0003255 4.28207e-09
-0.0003245 7.09955e-09
-0.0003235 1.02105e-08
-0.0003225 1.33275e-08
-0.0003215 1.61668e-08
-0.0003205 1.84736e-08
-0.0003195 2.00439e-08
-0.0003185 2.07421e-08
-0.0003175 2.05118e-08
-0.0003165 1.93805e-08
-0.0003155 1.74553e-08
-0.0003145 1.49128e-08
-0.0003135 1.19817e-08
-0.0003125 8.92232e-09
-0.0003115 6.00174e-09
-0.0003105 3.46997e-09
-0.0003095 1.53721e-09
-0.0003085 3.55156e-10
-0.0003075 3.82881e-12
-0.0003065 4.85121e-10
-0.0003055 1.72359e-09
-0.0003045 3.57442e-09
-0.0003035 5.83774e-09
-0.0003025 8.27801e-09
-0.0003015 1.06466e-08
-0.0003005 1.27053e-08
-0.0002995 1.42492e-08
-0.0002985 1.51257e-08
-0.0002975 1.52491e-08
-0.0002965 1.46084e-08
-0.0002955 1.3268e-08
-0.0002945 1.1362e-08
-0.0002935 9.08034e-09
-0.0002925 6.65133e-09
-0.0002915 4.31906e-09
-0.0002905 2.31996e-09
-0.0002895 8.59794e-10
-0.0002885 9.33766e-11
-0.0002875 1.09143e-10
-0.0002865 9.19908e-10
-0.0002855 2.46083e-09
-0.0002845 4.5948e-09
-0.0002835 7.12488e-09
-0.0002825 9.8126e-09
-0.0002815 1.24006e-08
-0.0002805 1.46371e-08
-0.0002795 1.6301e-08
-0.0002785 1.72235e-08
-0.0002775 1.73055e-08
-0.0002765 1.65294e-08
-0.0002755 1.49617e-08
-0.0002745 1.27495e-08
-0.0002735 1.01078e-08
-0.0002725 7.30099e-09
-0.0002715 4.61869e-09
-0.0002705 2.34886e-09
-0.0002695 7.50376e-10
-0.0002685 2.76588e-11
-0.0002675 3.09687e-10
-0.0002665 1.63558e-09
-0.0002655 3.94815e-09
-0.0002645 7.09621e-09
-0.0002635 1.08457e-08
-0.0002625 1.48988e-08
-0.0002615 1.89193e-08
-0.0002605 2.25624e-08
-0.0002595 2.55059e-08
-0.0002585 2.74805e-08
-0.0002575 2.82958e-08
-0.0002565 2.78605e-08
-0.0002555 2.61931e-08
-0.0002545 2.34241e-08
-0.0002535 1.97881e-08
-0.0002525 1.56054e-08
-0.0002515 1.12567e-08
-0.0002505 7.15103e-09
-0.0002495 3.69052e-09
-0.0002485 1.23487e-09
-0.0002475 6.86412e-11
-0.0002465 3.74279e-10
-0.0002455 2.21344e-09
-0.0002445 5.51836e-09
-0.0002435 1.00942e-08
-0.0002425 1.56327e-08
-0.0002415 2.17354e-08
-0.0002405 2.79455e-08
-0.0002395 3.37854e-08
-0.0002385 3.87961e-08
-0.0002375 4.25768e-08
-0.0002365 4.48187e-08
-0.0002355 4.53329e-08
-0.0002345 4.40675e-08
-0.0002335 4.11138e-08
-0.0002325 3.67002e-08
-0.0002315 3.11744e-08
-0.0002305 2.49754e-08
-0.0002295 1.85972e-08
-0.0002285 1.25481e-08
-0.0002275 7.30771e-09
-0.0002265 3.28682e-09
-0.0002255 7.92603e-10
-0.0002245 2.51248e-12
-0.0002235 9.49252e-10
-0.0002225 3.51807e-09
-0.0002215 7.45673e-09
-0.0002205 1.23973e-08
-0.0002195 1.78882e-08
-0.0002185 2.34331e-08
-0.0002175 2.85341e-08
-0.0002165 3.27354e-08
-0.0002155 3.56625e-08
-0.0002145 3.70553e-08
-0.0002135 3.67904e-08
-0.0002125 3.48925e-08
-0.0002115 3.15316e-08
-0.0002105 2.70082e-08
-0.0002095 2.17269e-08
-0.0002085 1.61606e-08
-0.0002075 1.08085e-08
-0.0002065 6.15212e-09
-0.0002055 2.61196e-09
-0.0002045 5.10387e-10
-0.0002035 4.24795e-11
-0.0002025 1.25833e-09
-0.0002015 4.05811e-09
-0.0002005 8.20053e-09
-0.0001995 1.33238e-08
-0.0001985 1.89776e-08
-0.0001975 2.46627e-08
-0.0001965 2.98755e-08
-0.0001955 3.4153e-08
-0.0001945 3.7114e-08
-0.0001935 3.84937e-08
-0.0001925 3.81675e-08
-0.0001915 3.61625e-08
-0.0001905 3.26559e-08
-0.0001895 2.7959e-08
-0.0001885 2.24898e-08
-0.0001875 1.67357e-08
-0.0001865 1.12097e-08
-0.0001855 6.40431e-09
-0.0001845 2.74652e-09
-0.0001835 5.59283e-10
-0.0001825 3.16534e-11
-0.0001815 1.20115e-09
-0.0001805 3.94974e-09
-0.0001795 8.01401e-09
-0.0001785 1.30087e-08
-0.0001775 1.84614e-08
-0.0001765 2.3856e-08
-0.0001755 2.86795e-08
-0.0001745 3.24705e-08
-0.0001735 3.48619e-08
-0.0001725 3.56167e-08
-0.0001715 3.46514e-08
-0.0001705 3.20458e-08
-0.0001695 2.80386e-08
-0.0001685 2.3007e-08
-0.0001675 1.74349e-08
-0.0001665 1.18693e-08
-0.0001655 6.87161e-09
-0.0001645 2.96551e-09
-0.0001635 5.88492e-10
-0.0001625 4.97339e-11
-0.0001615 1.49911e-09
-0.0001605 4.91009e-09
-0.0001595 1.00782e-08
-0.0001585 1.66357e-08
-0.0001575 2.4081e-08
-0.0001565 3.18207e-08
-0.0001555 3.9221e-08
-0.0001545 4.56628e-08
-0.0001535 5.0597e-08
-0.0001525 5.35944e-08
-0.0001515 5.43856e-08
-0.0001505 5.28871e-08
-0.0001495 4.92114e-08
-0.0001485 4.36599e-08
-0.0001475 3.66984e-08
-0.0001465 2.89185e-08
-0.0001455 2.09857e-08
-0.0001445 1.35823e-08
-0.0001435 7.34613e-09
-0.0001425 2.81381e-09
-0.0001415 3.71737e-10
-0.0001405 2.20255e-10
-0.0001395 2.354e-09
-0.0001385 6.56065e-09
-0.0001375 1.24383e-08
-0.0001365 1.94306e-08
-0.0001355 2.68755e-08
-0.0001345 3.40658e-08
-0.0001335 4.03132e-08
-0.0001325 4.50129e-08
-0.0001315 4.77009e-08
-0.0001305 4.80993e-08
-0.0001295 4.61467e-08
-0.0001285 4.20076e-08
-0.0001275 3.60623e-08
-0.0001265 2.88773e-08
-0.0001255 2.11566e-08
-0.0001245 1.36806e-08
-0.0001235 7.23626e-09
-0.0001225 2.5443e-09
-0.0001215 1.91589e-10
-0.0001205 5.7327e-10
-0.0001195 3.85093e-09
-0.0001185 9.93074e-09
-0.0001175 1.84639e-08
-0.0001165 2.88702e-08
-0.0001155 4.03824e-08
-0.0001145 5.2109e-08
-0.0001135 6.31093e-08
-0.0001125 7.2475e-08
-0.0001115 7.94108e-08
-0.0001105 8.33073e-08
-0.0001095 8.37986e-08
-0.0001085 8.08013e-08
-0.0001075 7.45275e-08
-0.0001065 6.54742e-08
-0.0001055 5.43861e-08
-0.0001045 4.2196e-08
-0.0001035 2.99484e-08
-0.0001025 1.87101e-08
-0.0001015 9.47806e-09
-0.0001005 3.09117e-09
-9.95e-05 1.53949e-10
-9.85e-05 9.79277e-10
-9.75e-05 5.55569e-09
-9.65e-05 1.35425e-08
-9.55e-05 2.42936e-08
-9.45e-05 3.69091e-08
-9.35e-05 5.031e-08
-9.25e-05 6.33303e-08
-9.15e-05 7.48191e-08
-9.05e-05 8.37428e-08
-8.95e-05 8.92796e-08
-8.85e-05 9.08975e-08
-8.75e-05 8.8408e-08
-8.65e-05 8.19904e-08
-8.55e-05 7.21847e-08
-8.45e-05 5.98517e-08
-8.35e-05 4.61045e-08
-8.25e-05 3.22149e-08
-8.15e-05 1.95047e-08
-8.05e-05 9.22906e-09
-7.95e-05 2.46317e-09
-7.85e-05 1.84325e-12
-7.75e-05 2.28141e-09
-7.65e-05 9.33124e-09
-7.55e-05 2.07599e-08
-7.45e-05 3.5778e-08
-7.35e-05 5.32569e-08
-7.25e-05 7.18186e-08
-7.15e-05 8.99503e-08
-7.05e-05 1.06133e-07
-6.95e-05 1.18977e-07
-6.85e-05 1.27343e-07
-6.75e-05 1.30455e-07
-6.65e-05 1.27972e-07
-6.55e-05 1.20037e-07
-6.45e-05 1.07269e-07
-6.35e-05 9.07291e-08
-6.25e-05 7.18363e-08
-6.15e-05 5.22523e-08
-6.05e-05 3.37423e-08
-5.95e-05 1.80227e-08
-5.85e-05 6.60846e-09
-5.75e-05 6.73204e-10
-5.65e-05 9.36171e-10
-5.55e-05 7.58525e-09
-5.45e-05 2.02447e-08
-5.35e-05 3.79919e-08
-5.25e-05 5.94225e-08
-5.15e-05 8.27609e-08
-5.05e-05 1.06007e-07
-4.95e-05 1.27109e-07
-4.85e-05 1.44144e-07
-4.75e-05 1.55499e-07
-4.65e-05 1.60028e-07
-4.55e-05 1.57171e-07
-4.45e-05 1.47036e-07
-4.35e-05 1.30412e-07
-4.25e-05 1.08737e-07
-4.15e-05 8.39929e-08
-4.05e-05 5.85605e-08
-3.95e-05 3.50248e-08
-3.85e-05 1.59565e-08
-3.75e-05 3.68316e-09
-3.65e-05 7.09472e-11
-3.55e-05 6.33449e-09
-3.45e-05 2.28938e-08
-3.35e-05 4.92921e-08
-3.25e-05 8.41844e-08
-3.15e-05 1.25402e-07
-3.05e-05 1.7009e-07
-2.95e-05 2.14914e-07
-2.85e-05 2.56315e-07
-2.75e-05 2.90806e-07
-2.65e-05 3.15272e-07
-2.55e-05 3.2727e-07
-2.45e-05 3.25284e-07
-2.35e-05 3.08929e-07
-2.25e-05 2.79072e-07
-2.15e-05 2.3787e-07
-2.05e-05 1.88703e-07
-1.95e-05 1.36015e-07
-1.85e-05 8.50589e-08
-1.75e-05 4.15696e-08
-1.65e-05 1.13789e-08
-1.55e-05 1.83486e-12
-1.45e-05 1.22216e-08
-1.35e-05 5.1704e-08
-1.25e-05 1.20669e-07
-1.15e-05 2.19647e-07
-1.05e-05 3.47338e-07
-9.5e-06 5.00588e-07
-8.5e-06 6.74489e-07
-7.5e-06 8.62599e-07
-6.5e-06 1.05727e-06
-5.5e-06 1.25006e-06
-4.5e-06 1.43221e-06
-3.5e-06 1.59518e-06
-2.5e-06 1.73112e-06
-1.5e-06 1.83336e-06
-5e-07 1.89682e-06
5e-07 1.91834e-06
1.5e-06 1.89682e-06
2.5e-06 1.83336e-06
3.5e-06 1.73112e-06
4.5e-06 1.59518e-06
5.5e-06 1.43221e-06
6.5e-06 1.25006e-06
7.5e-06 1.05727e-06
8.5e-06 8.62599e-07
9.5e-06 6.74489e-07
1.05e-05 5.00588e-07
1.15e-05 3.47338e-07
1.25e-05 2.19647e-07
1.35e-05 1.20669e-07
1.45e-05 5.1704e-08
1.55e-05 1.22216e-08
1.65e-05 1.83486e-12
1.75e-05 1.13789e-08
1.85e-05 4.15696e-08
1.95e-05 8.50589e-08
2.05e-05 1.36015e-07
2.15e-05 1.88703e-07
2.25e-05 2.3787e-07
2.35e-05 2.79072e-07
2.45e-05 3.08929e-07
2.55e-05 3.25284e-07
2.65e-05 3.2727e-07
2.75e-05 3.15272e-07
2.85e-05 2.90806e-07
2.95e-05 2.56315e-07
3.05e-05 2.14914e-07
3.15e-05 1.7009e-07
3.25e-05 1.25402e-07
3.35e-05 8.41844e-08
3.45e-05 4.92921e-08
3.55e-05 2.28938e-08
3.65e-05 6.33449e-09
3.75e-05 7.09472e-11
3.85e-05 3.68316e-09
3.95e-05 1.59565e-08
4.05e-05 3.50248e-08
4.15e-05 5.85605e-08
4.25e-05 8.39929e-08
4.35e-05 1.08737e-07
4.45e-05 1.30412e-07
4.55e-05 1.47036e-07
4.65e-05 1.57171e-07
4.75e-05 1.60028e-07
4.85e-05 1.55499e-07
4.95e-05 1.44144e-07
5.05e-05 1.27109e-07
5.15e-05 1.06007e-07
5.25e-05 8.27609e-08
5.35e-05 5.94225e-08
5.45e-05 3.79919e-08
5.55e-05 2.02447e-08
5.65e-05 7.58525e-09
5.75e-05 9.36171e-10
5.85e-05 6.73204e-10
5.95e-05 6.60846e-09
6.05e-05 1.80227e-08
6.15e-05 3.37423e-08
6.25e-05 5.22523e-08
6.35e-05 7.18363e-08
6.45e-05 9.07291e-08
6.55e-05 1.07269e-07
6.65e-05 1.20037e-07
6.75e-05 1.27972e-07
6.85e-05 1.30455e-07
6.95e-05 1.27343e-07
7.05e-05 1.18977e-07
7.15e-05 1.06133e-07
7.25e-05 8.99503e-08
7.35e-05 7.18186e-08
7.45e-05 5.32569e-08
7.55e-05 3.5778e-08
7.65e-05 2.07599e-08
7.75e-05 9.33124e-09
7.85e-05 2.28141e-09
7.95e-05 1.84325e-12
8.05e-05 2.46317e-09
8.15e-05 9.22906e-09
8.25e-05 1.95047e-08
8.35e-05 3.22149e-08
8.45e-05 4.61045e-08
8.55e-05 5.98517e-08
8.65e-05 7.21847e-08
8.75e-05 8.19904e-08
8.85e-05 8.8408e-08
8.95e-05 9.08975e-08
9.05e-05 8.92796e-08
9.15e-05 8.37428e-08
9.25e-05 7.48191e-08
9.35e-05 6.33303e-08
9.45e-05 5.031e-08
9.55e-05 3.69091e-08
9.65e-05 2.42936e-08
9.75e-05 1.35425e-08
9.85e-05 5.55569e-09
9.95e-05 9.79277e-10
0.0001005 1.53949e-10
0.0001015 3.09117e-09
0.0001025 9.47806e-09
0.0001035 1.87101e-08
0.0001045 2.99484e-08
0.0001055 4.2196e-08
0.0001065 5.43861e-08
0.0001075 6.54742e-08
0.0001085 7.45275e-08
0.0001095 8.08013e-08
0.0001105 8.37986e-08
0.0001115 8.33073e-08
0.0001125 7.94108e-08
0.0001135 7.2475e-08
0.0001145 6.31093e-08
0.0001155 5.2109e-08
0.0001165 4.03824e-08
0.0001175 2.88702e-08
0.0001185 1.84639e-08
0.0001195 9.93074e-09
0.0001205 3.85093e-09
0.0001215 5.7327e-10
0.0001225 1.91589e-10
0.0001235 2.5443e-09
0.0001245 7.23626e-09
0.0001255 1.36806e-08
0.0001265 2.11566e-08
0.0001275 2.88773e-08
0.0001285 3.60623e-08
0.0001295 4.20076e-08
0.0001305 4.61467e-08
0.0001315 4.80993e-08
0.0001325 4.77009e-08
0.0001335 4.50129e-08
0.0001345 4.03132e-08
0.0001355 3.40658e-08
0.0001365 2.68755e-08
0.0001375 1.94306e-08
0.0001385 1.24383e-08
0.0001395 6.56065e-09
0.0001405 2.354e-09
0.0001415 2.20255e-10
0.0001425 3.71737e-10
0.0001435 2.81381e-09
0.0001445 7.34613e-09
0.0001455 1.35823e-08
0.0001465 2.09857e-08
0.0001475 2.89185e-08
0.0001485 3.66984e-08
0.0001495 4.36599e-08
0.0001505 4.92114e-08
0.0001515 5.28871e-08
0.0001525 5.43856e-08
0.0001535 5.35944e-08
0.0001545 5.0597e-08
0.0001555 4.56628e-08
0.0001565 3.9221e-08
0.0001575 3.18207e-08
0.0001585 2.4081e-08
0.0001595 1.66357e-08
0.0001605 1.00782e-08
0.0001615 4.91009e-09
0.0001625 1.49911e-09
0.0001635 4.97339e-11
0.0001645 5.88492e-10
0.0001655 2.96551e-09
0.0001665 6.87161e-09
0.0001675 1.18693e-08
0.0001685 1.74349e-08
0.0001695 2.3007e-08
0.0001705 2.80386e-08
0.0001715 3.20458e-08
0.0001725 3.46514e-08
0.0001735 3.56167e-08
0.0001745 3.48619e-08
0.0001755 3.24705e-08
0.0001765 2.86795e-08
0.0001775 2.3856e-08
0.0001785 1.84614e-08
0.0001795 1.30087e-08
0.0001805 8.01401e-09
0.0001815 3.94974e-09
0.0001825 1.20115e-09
0.0001835 3.16534e-11
0.0001845 5.59283e-10
0.0001855 2.74652e-09
0.0001865 6.40431e-09
0.0001875 1.12097e-08
0.0001885 1.67357e-08
0.0001895 2.24898e-08
0.0001905 2.7959e-08
0.0001915 3.26559e-08
0.0001925 3.61625e-08
0.0001935 3.81675e-08
0.0001945 3.84937e-08
0.0001955 3.7114e-08
0.0001965 3.4153e-08
0.0001975 2.98755e-08
0.0001985 2.46627e-08
0.0001995 1.89776e-08
0.0002005 1.33238e-08
0.0002015 8.20053e-09
0.0002025 4.05811e-09
0.0002035 1.25833e-09
0.0002045 4.24795e-11
0.0002055 5.10387e-10
0.0002065 2.61196e-09
0.0002075 6.15212e-09
0.0002085 1.08085e-08
0.0002095 1.61606e-08
0.0002105 2.17269e-08
0.0002115 2.70082e-08
0.0002125 3.15316e-08
0.0002135 3.48925e-08
0.0002145 3.67904e-08
0.0002155 3.70553e-08
0.0002165 3.56625e-08
0.0002175 3.27354e-08
0.0002185 2.85341e-08
0.0002195 2.34331e-08
0.0002205 1.78882e-08
0.0002215 1.23973e-08
0.0002225 7.45673e-09
0.0002235 3.51807e-09
0.0002245 9.49252e-10
0.0002255 2.51248e-12
0.0002265 7.92603e-10
0.0002275 3.28682e-09
0.0002285 7.30771e-09
0.0002295 1.25481e-08
0.0002305 1.85972e-08
0.0002315 2.49754e-08
0.0002325 3.11744e-08
0.0002335 3.67002e-08
0.0002345 4.11138e-08
0.0002355 4.40675e-08
0.0002365 4.53329e-08
0.0002375 4.48187e-08
0.0002385 4.25768e-08
0.0002395 3.87961e-08
0.0002405 3.37854e-08
0.0002415 2.79455e-08
0.0002425 2.17354e-08
0.0002435 1.56327e-08
0.0002445 1.00942e-08
0.0002455 5.51836e-09
0.0002465 2.21344e-09
0.0002475 3.74279e-10
0.0002485 6.86412e-11
0.0002495 1.23487e-09
0.0002505 3.69052e-09
0.0002515 7.15103e-09
0.0002525 1.12567e-08
0.0002535 1.56054e-08
0.0002545 1.97881e-08
0.0002555 2.34241e-08
0.0002565 2.61931e-08
0.0002575 2.78605e-08
0.0002585 2.82958e-08
0.0002595 2.74805e-08
0.0002605 2.55059e-08
0.0002615 2.25624e-08
0.0002625 1.89193e-08
0.0002635 1.48988e-08
0.0002645 1.08457e-08
0.0002655 7.09621e-09
0.0002665 3.94815e-09
0.0002675 1.63558e-09
0.0002685 3.09687e-10
0.0002695 2.76588e-11
0.0002705 7.50376e-10
0.0002715 2.34886e-09
0.0002725 4.61869e-09
0.0002735 7.30099e-09
0.0002745 1.01078e-08
0.0002755 1.27495e-08
0.0002765 1.49617e-08
0.0002775 1.65294e-08
0.0002785 1.73055e-08
0.0002795 1.72235e-08
0.0002805 1.6301e-08
0.0002815 1.46371e-08
0.0002825 1.24006e-08
0.0002835 9.8126e-09
0.0002845 7.12488e-09
0.0002855 4.5948e-09
0.0002865 2.46083e-09
0.0002875 9.19908e-10
0.0002885 1.09143e-10
0.0002895 9.33766e-11
0.0002905 8.59794e-10
0.0002915 2.31996e-09
0.0002925 4.31906e-09
0.0002935 6.65133e-09
0.0002945 9.08034e-09
0.0002955 1.1362e-08
0.0002965 1.3268e-08
0.0002975 1.46084e-08
0.0002985 1.52491e-08
0.0002995 1.51257e-08
0.0003005 1.42492e-08
0.0003015 1.27053e-08
0.0003025 1.06466e-08
0.0003035 8.27801e-09
0.0003045 5.83774e-09
0.0003055 3.57442e-09
0.0003065 1.72359e-09
0.0003075 4.85121e-10
0.0003085 3.82881e-12
0.0003095 3.55156e-10
0.0003105 1.53721e-09
0.0003115 3.46997e-09
0.0003125 6.00174e-09
0.0003135 8.92232e-09
0.0003145 1.19817e-08
0.0003155 1.49128e-08
0.0003165 1.74553e-08
0.0003175 1.93805e-08
0.0003185 2.05118e-08
0.0003195 2.07421e-08
0.0003205 2.00439e-08
0.0003215 1.84736e-08
0.0003225 1.61668e-08
0.0003235 1.33275e-08
0.0003245 1.02105e-08
0.0003255 7.09955e-09
0.0003265 4.28207e-09
0.0003275 2.02389e-09
0.0003285 5.45454e-10
0.0003295 1.86361e-12
0.0003305 4.68581e-10
0.0003315 1.93405e-09
0.0003325 4.29989e-09
0.0003335 7.38877e-09
0.0003345 1.09591e-08
0.0003355 1.47257e-08
0.0003365 1.83838e-08
0.0003375 2.16352e-08
0.0003385 2.42142e-08
0.0003395 2.59098e-08
0.0003405 2.65841e-08
0.0003415 2.61836e-08
0.0003425 2.47439e-08
0.0003435 2.2386e-08
0.0003445 1.93055e-08
0.0003455 1.57554e-08
0.0003465 1.20239e-08
0.0003475 8.40927e-09
0.0003485 5.19437e-09
0.0003495 2.62202e-09
0.0003505 8.74679e-10
0.0003515 5.93431e-11
0.0003525 1.99275e-10
0.0003535 1.2332e-09
0.0003545 3.02199e-09
0.0003555 5.36228e-09
0.0003565 8.0056e-09
0.0003575 1.06815e-08
0.0003585 1.31222e-08
0.0003595 1.50874e-08
0.0003605 1.63858e-08
0.0003615 1.68923e-08
0.0003625 1.65593e-08
0.0003635 1.54205e-08
0.0003645 1.35878e-08
0.0003655 1.12407e-08
0.0003665 8.6098e-09
0.0003675 5.95517e-09
0.0003685 3.54281e-09
0.0003695 1.61985e-09
0.0003705 3.91776e-10
0.0003715 3.20575e-12
0.0003725 5.24176e-10
0.0003735 1.94308e-09
0.0003745 4.16695e-09
0.0003755 7.02902e-09
0.0003765 1.0303e-08
0.0003775 1.37225e-08
0.0003785 1.70047e-08
0.0003795 1.98749e-08
0.0003805 2.20906e-08
0.0003815 2.34634e-08
0.0003825 2.38754e-08
0.0003835 2.329e-08
0.0003845 2.17553e-08
0.0003855 1.93999e-08
0.0003865 1.64222e-08
0.0003875 1.30729e-08
0.0003885 9.63346e-09
0.0003895 6.39128e-09
0.0003905 3.61497e-09
0.0003915 1.53092e-09
0.0003925 3.03731e-10
0.0003935 2.21404e-11
0.0003945 6.91582e-10
0.0003955 2.23415e-09
0.0003965 4.49591e-09
0.0003975 7.26084e-09
0.0003985 1.02703e-08
0.0003995 1.32462e-08
0.0004005 1.59157e-08
0.0004015 1.80355e-08
0.0004025 1.94136e-08
0.0004035 1.99258e-08
0.0004045 1.95271e-08
0.0004055 1.82551e-08
0.0004065 1.62267e-08
0.0004075 1.36271e-08
0.0004085 1.06933e-08
0.0004095 7.6926e-09
0.0004105 4.89858e-09
0.0004115 2.56633e-09
0.0004125 9.09476e-10
0.0004135 8.08601e-11
0.0004145 1.58616e-10
0.0004155 1.13894e-09
0.0004165 2.9362e-09
0.0004175 5.39036e-09
0.0004185 8.28115e-09
0.0004195 1.13477e-08
0.0004205 1.43118e-08
0.0004215 1.6903e-08
0.0004225 1.88833e-08
0.0004235 2.00684e-08
0.0004245 2.03454e-08
0.0004255 1.96834e-08
0.0004265 1.81372e-08
0.0004275 1.58435e-08
0.0004285 1.30099e-08
0.0004295 9.89708e-09
0.0004305 6.79655e-09
0.0004315 4.00543e-09
0.0004325 1.80035e-09
0.0004335 4.12859e-10
0.0004345 8.59304e-12
0.0004355 6.71892e-10
0.0004365 2.39727e-09
0.0004375 5.08853e-09
0.0004385 8.56566e-09
0.0004395 1.25789e-08
0.0004405 1.68289e-08
0.0004415 2.09913e-08
0.0004425 2.47433e-08
0.0004435 2.77908e-08
0.0004445 2.98926e-08
0.0004455 3.0881e-08
0.0004465 3.06755e-08
0.0004475 2.92905e-08
0.0004485 2.68334e-08
0.0004495 2.34967e-08
0.0004505 1.95421e-08
0.0004515 1.52788e-08
0.0004525 1.10386e-08
0.0004535 7.1485e-09
0.0004545 3.90443e-09
0.0004555 1.54712e-09
0.0004565 2.43096e-10
0.0004575 7.17213e-11
0.0004585 1.01959e-09
0.0004595 2.98263e-09
0.0004605 5.77566e-09
0.0004615 9.14855e-09
0.0004625 1.28076e-08
0.0004635 1.64402e-08
0.0004645 1.97408e-08
0.0004655 2.24361e-08
0.0004665 2.43068e-08
0.0004675 2.5205e-08
0.0004685 2.50652e-08
0.0004695 2.39083e-08
0.0004705 2.18384e-08
0.0004715 1.90326e-08
0.0004725 1.57249e-08
0.0004735 1.21859e-08
0.0004745 8.69944e-09
0.0004755 5.53891e-09
0.0004765 2.94459e-09
0.0004775 1.10446e-09
0.0004785 1.39664e-10
0.0004795 9.59776e-11
0.0004805 9.41711e-10
0.0004815 2.57224e-09
0.0004825 4.82055e-09
0.0004835 7.47282e-09
0.0004845 1.02875e-08
0.0004855 1.30164e-08
0.0004865 1.54256e-08
0.0004875 1.73149e-08
0.0004885 1.85331e-08
0.0004895 1.89901e-08
0.0004905 1.86617e-08
0.0004915 1.75899e-08
0.0004925 1.58769e-08
0.0004935 1.36741e-08
0.0004945 1.11674e-08
0.0004955 8.55988e-09
0.0004965 6.05331e-09
0.0004975 3.83079e-09
0.0004985 2.04134e-09
0.0004995 7.88138e-10
0.0005005 1.21299e-10
0.0005015 3.56236e-11
0.0005025 4.73491e-10
0.0005035 1.33243e-09
0.0005045 2.47656e-09
0.0005055 3.75083e-09
0.0005065 4.99651e-09
0.0005075 6.06669e-09
0.0005085 6.84017e-09
0.0005095 7.23263e-09
0.0005105 7.20391e-09
0.0005115 6.76104e-09
0.0005125 5.9566e-09
0.0005135 4.88276e-09
0.0005145 3.6616e-09
0.0005155 2.43264e-09
0.0005165 1.33887e-09
0.0005175 5.12506e-10
0.0005185 6.19348e-11
0.0005195 6.0956e-11
0.0005205 5.41378e-10
0.0005215 1.48961e-09
0.0005225 2.84755e-09
0.0005235 4.51763e-09
0.0005245 6.37159e-09
0.0005255 8.26201e-09
0.0005265 1.00357e-08
0.0005275 1.15475e-08
0.0005285 1.26734e-08
0.0005295 1.33213e-08
0.0005305 1.34397e-08
0.0005315 1.30214e-08
0.0005325 1.21041e-08
0.0005335 1.07664e-08
0.0005345 9.12044e-09
0.0005355 7.3011e-09
0.0005365 5.45377e-09
0.0005375 3.72088e-09
0.0005385 2.22913e-09
0.0005395 1.07827e-09
0.0005405 3.32564e-10
0.0005415 1.57836e-11
0.0005425 1.10049e-10
0.0005435 5.58717e-10
0.0005445 1.27296e-09
0.0005455 2.14143e-09
0.0005465 3.04203e-09
0.0005475 3.85468e-09
0.0005485 4.47393e-09
0.0005495 4.82001e-09
0.0005505 4.84743e-09
0.0005515 4.55021e-09
0.0005525 3.96319e-09
0.0005535 3.15923e-09
0.0005545 2.24263e-09
0.0005555 1.33922e-09
0.0005565 5.84081e-10
0.0005575 1.08052e-10
0.0005585 2.42013e-11
0.0005595 4.15635e-10
0.0005605 1.32577e-09
0.0005615 2.75203e-09
0.0005625 4.64369e-09
0.0005635 6.90408e-09
0.0005645 9.39713e-09
0.0005655 1.19577e-08
0.0005665 1.4405e-08
0.0005675 1.65574e-08
0.0005685 1.82486e-08
0.0005695 1.9342e-08
0.0005705 1.97435e-08
0.0005715 1.94108e-08
0.0005725 1.83584e-08
0.0005735 1.66578e-08
0.0005745 1.44331e-08
0.0005755 1.18516e-08
0.0005765 9.11148e-09
0.0005775 6.42543e-09
0.0005785 4.00389e-09
0.0005795 2.0377e-09
0.0005805 6.82396e-10
0.0005815 4.51866e-11
0.0005825 1.75923e-10
0.0005835 1.06271e-09
0.0005845 2.63264e-09
0.0005855 4.75757e-09
0.0005865 7.26454e-09
0.0005875 9.94986e-09
0.0005885 1.25958e-08
0.0005895 1.49884e-08
0.0005905 1.69351e-08
0.0005915 1.82801e-08
0.0005925 1.89173e-08
0.0005935 1.87984e-08
0.0005945 1.79365e-08
0.0005955 1.64048e-08
0.0005965 1.43293e-08
0.0005975 1.18787e-08
0.0005985 9.24914e-09
0.0005995 6.64836e-09
0.0006005 4.27783e-09
0.0006015 2.31629e-09
0.0006025 9.05153e-10
0.0006035 1.37251e-10
0.0006045 4.98708e-11
0.0006055 6.22547e-10
0.0006065 1.77978e-09
0.0006075 3.39842e-09
0.0006085 5.31896e-09
0.0006095 7.35978e-09
0.0006105 9.33308e-09
0.0006115 1.10611e-08
0.0006125 1.23912e-08
0.0006135 1.32086e-08
0.0006145 1.34454e-08
0.0006155 1.30861e-08
0.0006165 1.21676e-08
0.0006175 1.07751e-08
0.0006185 9.03402e-09
0.0006195 7.0985e-09
0.0006205 5.13715e-09
0.0006215 3.31829e-09
0.0006225 1.79518e-09
0.0006235 6.929e-10
0.0006245 9.78193e-11
0.0006255 5.06938e-11
0.0006265 5.43822e-10
0.0006275 1.52251e-09
0.0006285 2.89063e-09
0.0006295 4.5197e-09
0.0006305 6.26069e-09
0.0006315 7.9574e-09
0.0006325 9.46023e-09
0.0006335 1.06391e-08
0.0006345 1.13946e-08
0.0006355 1.16658e-08
0.0006365 1.1435e-08
0.0006375 1.07282e-08
0.0006385 9.6119e-09
0.0006395 8.18627e-09
0.0006405 6.57534e-09
0.0006415 4.91547e-09
0.0006425 3.34289e-09
0.0006435 1.9814e-09
0.0006445 9.31667e-10
0.0006455 2.62659e-10
0.0006465 6.29425e-12
0.0006475 1.55533e-10
0.0006485 6.66116e-10
0.0006495 1.46171e-09
0.0006505 2.44192e-09
0.0006515 3.49242e-09
0.0006525 4.49616e-09
0.0006535 5.34472e-09
0.0006545 5.94855e-09
0.0006555 6.24535e-09
0.0006565 6.20575e-09
0.0006575 5.83571e-09
0.0006585 5.17559e-09
0.0006595 4.29586e-09
0.0006605 3.29e-09
0.0006615 2.2652e-09
0.0006625 1.33176e-09
0.0006635 5.92266e-10
0.0006645 1.31471e-10
0.0006655 7.9015e-12
0.0006665 2.47961e-10
0.0006675 8.43088e-10
0.0006685 1.75025e-09
0.0006695 2.89571e-09
0.0006705 4.18174e-09
0.0006715 5.49565e-09
0.0006725 6.72028e-09
0.0006735 7.74501e-09
0.0006745 8.47615e-09
0.0006755 8.84596e-09
0.0006765 8.81912e-09
0.0006775 8.39637e-09
0.0006785 7.6147e-09
0.0006795 6.54419e-09
0.0006805 5.28176e-09
0.0006815 3.94229e-09
0.0006825 2.64811e-09
0.0006835 1.51762e-09
0.0006845 6.5421e-10
0.0006855 1.36545e-10
0.0006865 1.10024e-11
0.0006875 2.8712e-10
0.0006885 9.36427e-10
0.0006895 1.89484e-09
0.0006905 3.06843e-09
0.0006915 4.34205e-09
0.0006925 5.5901e-09
0.0006935 6.68841e-09
0.0006945 7.52619e-09
0.0006955 8.01695e-09
0.0006965 8.10729e-09
0.0006975 7.78285e-09
0.0006985 7.07068e-09
0.0006995 6.03787e-09
0.0007005 4.78638e-09
0.0007015 3.4446e-09
0.0007025 2.15622e-09
0.0007035 1.06745e-09
0.0007045 3.13673e-10
0.0007055 6.70182e-12
0.0007065 2.23834e-10
0.0007075 9.99686e-10
0.0007085 2.32158e-09
0.0007095 4.129e-09
0.0007105 6.31716e-09
0.0007115 8.74457e-09
0.0007125 1.12439e-08
0.0007135 1.36353e-08
0.0007145 1.57412e-08
0.0007155 1.74009e-08
0.0007165 1.84844e-08
0.0007175 1.89038e-08
0.0007185 1.8621e-08
0.0007195 1.76518e-08
0.0007205 1.60654e-08
0.0007215 1.39795e-08
0.0007225 1.1551e-08
0.0007235 8.96421e-09
0.0007245 6.41575e-09
0.0007255 4.09891e-09
0.0007265 2.18813e-09
0.0007275 8.2485e-10
0.0007285 1.0615e-10
0.0007295 7.69903e-11
0.0007305 7.26736e-10
0.0007315 1.99027e-09
0.0007325 3.75355e-09
0.0007335 5.86327e-09
0.0007345 8.13956e-09
0.0007355 1.0391e-08
0.0007365 1.24302e-08
0.0007375 1.40895e-08
0.0007385 1.5234e-08
0.0007395 1.57728e-08
0.0007405 1.56657e-08
0.0007415 1.4926e-08
0.0007425 1.36187e-08
0.0007435 1.18542e-08
0.0007445 9.77893e-09
0.0007455 7.56217e-09
0.0007465 5.38194e-09
0.0007475 3.40985e-09
0.0007485 1.79685e-09
0.0007495 6.60958e-10
0.0007505 7.7924e-11
0.0007515 7.55705e-11
0.0007525 6.32341e-10
0.0007535 1.68003e-09
0.0007545 3.11046e-09
0.0007555 4.78542e-09
0.0007565 6.54904e-09
0.0007575 8.24141e-09
0.0007585 9.7124e-09
0.0007595 1.08343e-08
0.0007605 1.15122e-08
0.0007615 1.16918e-08
0.0007625 1.1363e-08
0.0007635 1.05598e-08
0.0007645 9.35674e-09
0.0007655 7.8611e-09
0.0007665 6.20323e-09
0.0007675 4.52451e-09
0.0007685 2.96474e-09
0.0007695 1.64991e-09
0.0007705 6.81477e-10
0.0007715 1.27887e-10
0.0007725 1.93085e-11
0.0007735 3.45786e-10
0.0007745 1.05902e-09
0.0007755 2.07753e-09
0.0007765 3.29468e-09
0.0007775 4.58876e-09
0.0007785 5.8343e-09
0.0007795 6.91345e-09
0.0007805 7.72648e-09
0.0007815 8.20039e-09
0.0007825 8.29504e-09
0.0007835 8.00603e-09
0.0007845 7.3644e-09
0.0007855 6.43295e-09
0.0007865 5.29984e-09
0.0007875 4.06983e-09
0.0007885 2.85418e-09
0.0007895 1.7601e-09
0.0007905 8.8072e-10
0.0007915 2.86547e-10
0.0007925 1.91051e-11
0.0007935 8.74474e-11
0.0007945 4.67764e-10
0.0007955 1.10613e-09
0.0007965 1.92414e-09
0.0007975 2.82681e-09
0.0007985 3.71214e-09
0.0007995 4.48133e-09
0.0008005 5.04864e-09
0.0008015 5.35014e-09
0.0008025 5.35039e-09
0.0008035 5.04642e-09
0.0008045 4.46863e-09
0.0008055 3.6786e-09
0.0008065 2.7638e-09
0.0008075 1.82983e-09
0.0008085 9.9073e-10
0.0008095 3.58422e-10
0.0008105 3.20086e-11
0.0008115 8.80879e-11
0.0008125 5.72882e-10
0.0008135 1.49694e-09
0.0008145 2.83292e-09
0.0008155 4.51668e-09
0.0008165 6.45163e-09
0.0008175 8.51601e-09
0.0008185 1.05725e-08
0.0008195 1.2479e-08
0.0008205 1.41008e-08
0.0008215 1.53211e-08
0.0008225 1.6051e-08
0.0008235 1.62369e-08
0.0008245 1.58649e-08
0.0008255 1.49622e-08
0.0008265 1.35947e-08
0.0008275 1.18614e-08
0.0008285 9.88639e-09
0.0008295 7.80859e-09
0.0008305 5.77018e-09
0.0008315 3.9051e-09
0.0008325 2.3283e-09
0.0008335 1.12672e-09
0.0008345 3.52808e-10
0.0008355 2.11602e-11
0.0008365 1.0839e-10
0.0008375 5.56388e-10
0.0008385 1.27855e-09
0.0008395 2.16843e-09
0.0008405 3.11e-09
0.0008415 3.98869e-09
0.0008425 4.70205e-09
0.0008435 5.16922e-09
0.0008445 5.33837e-09
0.0008455 5.19134e-09
0.0008465 4.74513e-09
0.0008475 4.05024e-09
0.0008485 3.18574e-09
0.0008495 2.25183e-09
0.0008505 1.36031e-09
0.0008515 6.23994e-10
0.0008525 1.45906e-10
0.0008535 9.2767e-12
0.0008545 2.69255e-10
0.0008555 9.47053e-10
0.0008565 2.02707e-09
0.0008575 3.45728e-09
0.0008585 5.15286e-09
0.0008595 7.00273e-09
0.0008605 8.87851e-09
0.0008615 1.06451e-08
0.0008625 1.21718e-08
0.0008635 1.33434e-08
0.0008645 1.40702e-08
0.0008655 1.42951e-08
0.0008665 1.39989e-08
0.0008675 1.32025e-08
0.0008685 1.19645e-08
0.0008695 1.03773e-08
0.0008705 8.5592e-09
0.0008715 6.64499e-09
0.0008725 4.77485e-09
0.0008735 3.08311e-09
0.0008745 1.68751e-09
0.0008755 6.79888e-10
0.0008765 1.19142e-10
0.0008775 2.70442e-11
0.0008785 3.87145e-10
0.0008795 1.1469e-09
0.0008805 2.22278e-09
0.0008815 3.50783e-09
0.0008825 4.88116e-09
0.0008835 6.21826e-09
0.0008845 7.40159e-09
0.0008855 8.33015e-09
0.0008865 8.92761e-09
0.0008875 9.14803e-09
0.0008885 8.97887e-09
0.0008895 8.44105e-09
0.0008905 7.58612e-09
0.0008915 6.49085e-09
0.0008925 5.24974e-09
0.0008935 3.96616e-09
0.0008945 2.74302e-09
0.0008955 1.67361e-09
0.0008965 8.33677e-10
0.0008975 2.75151e-10
0.0008985 2.22981e-11
0.0008995 7.04206e-11
0.0009005 3.87254e-10
0.0009015 9.16866e-10
0.0009025 1.58566e-09
0.0009035 2.30987e-09
0.0009045 3.0039e-09
0.0009055 3.58866e-09
0.0009065 3.99913e-09
0.0009075 4.19055e-09
0.0009085 4.14252e-09
0.0009095 3.86088e-09
0.0009105 3.37694e-09
0.0009115 2.74435e-09
0.0009125 2.0339e-09
0.0009135 1.32664e-09
0.0009145 7.06016e-10
0.0009155 2.49821e-10
0.0009165 2.2594e-11
0.0009175 6.92311e-11
0.0009185 4.10387e-10
0.0009195 1.04007e-09
0.0009205 1.9257e-09
0.0009215 3.0105e-09
0.0009225 4.21823e-09
0.0009235 5.45961e-09
0.0009245 6.63995e-09
0.0009255 7.66737e-09
0.0009265 8.46076e-09
0.0009275 8.95685e-09
0.0009285 9.11569e-09
0.0009295 8.9242e-09
0.0009305 8.39727e-09
0.0009315 7.57651e-09
0.0009325 6.52672e-09
0.0009335 5.33026e-09
0.0009345 4.08011e-09
0.0009355 2.87194e-09
0.0009365 1.79607e-09
0.0009375 9.29998e-10
0.0009385 3.32112e-10
0.0009395 3.71e-11
0.0009405 5.3516e-11
0.0009415 3.63619e-10
0.0009425 9.25495e-10
0.0009435 1.67722e-09
0.0009445 2.54272e-09
0.0009455 3.43864e-09
0.0009465 4.28184e-09
0.0009475 4.99654e-09
0.0009485 5.52074e-09
0.0009495 5.81123e-09
0.0009505 5.84677e-09
0.0009515 5.62921e-09
0.0009525 5.18255e-09
0.0009535 4.55e-09
0.0009545 3.78931e-09
0.0009555 2.96702e-09
0.0009565 2.15197e-09
0.0009575 1.40881e-09
0.0009585 7.92167e-10
0.0009595 3.41833e-10
0.0009605 7.95652e-11
0.0009615 7.708e-12
0.0009625 1.09733e-10
0.0009635 3.52627e-10
0.0009645 6.90854e-10
0.0009655 1.07149e-09
0.0009665 1.44003e-09
0.0009675 1.74621e-09
0.0009685 1.94941e-09
0.0009695 2.02298e-09
0.0009705 1.95708e-09
0.0009715 1.75981e-09
0.0009725 1.45649e-09
0.0009735 1.08716e-09
0.0009745 7.02431e-10
0.0009755 3.58326e-10
0.0009765 1.10354e-10
0.0009775 7.57416e-12
0.0009785 8.71418e-11
0.0009795 3.69928e-10
0.0009805 8.5764e-10
0.0009815 1.53175e-09
0.0009825 2.35441e-09
0.0009835 3.27119e-09
0.0009845 4.21564e-09
0.0009855 5.11498e-09
0.0009865 5.89669e-09
0.0009875 6.49517e-09
0.0009885 6.85802e-09
0.0009895 6.95119e-09
0.0009905 6.76265e-09
0.0009915 6.30408e-09
0.0009925 5.61041e-09
0.0009935 4.73733e-09
0.0009945 3.75676e-09
0.0009955 2.75081e-09
0.0009965 1.8047e-09
0.0009975 9.99287e-10
0.0009985 4.03807e-10
0.0009995 6.96007e-11
0.0010005 2.53161e-11
0.0010015 2.74099e-10
0.0010025 7.93032e-10
0.0010035 1.53491e-09
0.0010045 2.43225e-09
0.0010055 3.40314e-09
0.0010065 4.35852e-09
0.0010075 5.21018e-09
0.0010085 5.87877e-09
0.0010095 6.30119e-09
0.0010105 6.43649e-09
0.0010115 6.27e-09
0.0010125 5.81501e-09
0.0010135 5.11201e-09
0.0010145 4.22542e-09
0.0010155 3.23817e-09
0.0010165 2.24443e-09
0.0010175 1.34124e-09
0.0010185 6.19768e-10
0.0010195 1.56877e-10
0.0010205 7.88574e-12
0.0010215 2.01095e-10
0.0010225 7.34654e-10
0.0010235 1.57605e-09
0.0010245 2.66434e-09
0.0010255 3.91495e-09
0.0010265 5.22669e-09
0.0010275 6.49034e-09
0.0010285 7.59816e-09
0.0010295 8.45348e-09
0.0010305 8.97947e-09
0.0010315 9.12635e-09
0.0010325 8.87645e-09
0.0010335 8.24651e-09
0.0010345 7.2871e-09
0.0010355 6.07903e-09
0.0010365 4.72722e-09
0.0010375 3.35221e-09
0.0010385 2.08034e-09
0.0010395 1.03315e-09
0.0010405 3.17009e-10
0.0010415 1.3881e-11
0.0010425 1.73952e-10
0.0010435 8.108e-10
0.0010445 1.89954e-09
0.0010455 3.37813e-09
0.0010465 5.15176e-09
0.0010475 7.09998e-09
0.0010485 9.08602e-09
0.0010495 1.09675e-08
0.0010505 1.26076e-08
0.0010515 1.38862e-08
0.0010525 1.47091e-08
0.0010535 1.50157e-08
0.0010545 1.47838e-08
0.0010555 1.40313e-08
0.0010565 1.28146e-08
0.0010575 1.12241e-08
0.0010585 9.37674e-09
0.0010595 7.40677e-09
0.0010605 5.4548e-09
0.0010615 3.65677e-09
0.0010625 2.13335e-09
0.0010635 9.80605e-10
0.0010645 2.62896e-10
0.0010655 8.39953e-12
0.0010665 2.07679e-10
0.0010675 8.15352e-10
0.0010685 1.75467e-09
0.0010695 2.92459e-09
0.0010705 4.20874e-09
0.0010715 5.4854e-09
0.0010725 6.63782e-09
0.0010735 7.5638e-09
0.0010745 8.18387e-09
0.0010755 8.44742e-09
0.0010765 8.3362e-09
0.0010775 7.86499e-09
0.0010785 7.07951e-09
0.0010795 6.05165e-09
0.0010805 4.87268e-09
0.0010815 3.64487e-09
0.0010825 2.4724e-09
0.0010835 1.4523e-09
0.0010845 6.66256e-10
0.0010855 1.73872e-10
0.0010865 8.06128e-12
0.0010875 1.72827e-10
0.0010885 6.43621e-10
0.0010895 1.37017e-09
0.0010905 2.28146e-09
0.0010915 3.29244e-09
0.0010925 4.31173e-09
0.0010935 5.24971e-09
0.0010945 6.02622e-09
0.0010955 6.57723e-09
0.0010965 6.85986e-09
0.0010975 6.85544e-09
0.0010985 6.57027e-09
0.0010995 6.03415e-09
0.0011005 5.29686e-09
0.0011015 4.42294e-09
0.0011025 3.48534e-09
0.0011035 2.55845e-09
0.0011045 1.7113e-09
0.0011055 1.00147e-09
0.0011065 4.70273e-10
0.0011075 1.39672e-10
0.0011085 1.111e-11
0.0011095 6.63925e-11
0.0011105 2.70445e-10
0.0011115 5.75659e-10
0.0011125 9.27377e-10
0.0011135 1.26995e-09
0.0011145 1.55277e-09
0.0011155 1.7357e-09
0.0011165 1.79331e-09
0.0011175 1.71762e-09
0.0011185 1.51891e-09
0.0011195 1.22473e-09
0.0011205 8.76982e-10
0.0011215 5.27558e-10
0.0011225 2.32813e-10
0.0011235 4.74949e-11
0.0011245 1.86916e-11
0.0011255 1.80407e-10
0.0011265 5.49309e-10
0.0011275 1.1221e-09
0.0011285 1.87476e-09
0.0011295 2.76386e-09
0.0011305 3.72977e-09
0.0011315 4.70158e-09
0.0011325 5.60324e-09
0.0011335 6.36046e-09
0.0011345 6.90764e-09
0.0011355 7.1943e-09
0.0011365 7.19029e-09
0.0011375 6.88934e-09
0.0011385 6.31059e-09
0.0011395 5.49792e-09
0.0011405 4.51695e-09
0.0011415 3.4502e-09
0.0011425 2.39051e-09
0.0011435 1.43344e-09
0.0011445 6.6929e-10
0.0011455 1.75298e-10
0.0011465 8.87939e-12
0.0011475 2.02362e-10
0.0011485 7.59774e-10
0.0011495 1.65595e-09
0.0011505 2.83806e-09
0.0011515 4.2295e-09
0.0011525 5.73573e-09
0.0011535 7.25169e-09
0.0011545 8.67012e-09
0.0011555 9.89004e-09
0.0011565 1.08248e-08
0.0011575 1.14087e-08
0.0011585 1.16025e-08
0.0011595 1.13956e-08
0.0011605 1.08071e-08
0.0011615 9.88333e-09
0.0011625 8.69393e-09
0.0011635 7.32557e-09
0.0011645 5.87456e-09
0.0011655 4.43874e-09
0.0011665 3.10946e-09
0.0011675 1.96423e-09
0.0011685 1.06084e-09
0.0011695 4.33248e-10
0.0011705 8.97704e-11
0.0011715 1.35443e-11
0.0011725 1.6528e-10
0.0011735 4.87976e-10
0.0011745 9.13163e-10
0.0011755 1.36806e-09
0.0011765 1.78303e-09
0.0011775 2.09851e-09
0.0011785 2.27097e-09
0.0011795 2.27718e-09
0.0011805 2.11644e-09
0.0011815 1.81063e-09
0.0011825 1.40201e-09
0.0011835 9.4895e-10
0.0011845 5.20106e-10
0.0011855 1.8745e-10
0.0011865 1.88792e-11
0.0011875 7.10788e-11
0.0011885 3.83305e-10
0.0011895 9.72689e-10
0.0011905 1.83151e-09
0.0011915 2.92674e-09
0.0011925 4.20189e-09
0.0011935 5.58109e-09
0.0011945 6.97501e-09
0.0011955 8.28812e-09
0.0011965 9.42672e-09
0.0011975 1.03069e-08
0.0011985 1.08619e-08
0.0011995 1.1048e-08
0.0012005 1.08485e-08
0.0012015 1.02756e-08
0.0012025 9.3696e-09
0.0012035 8.19594e-09
0.0012045 6.83963e-09
0.0012055 5.39848e-09
0.0012065 3.97492e-09
0.0012075 2.6675e-09
0.0012085 1.56271e-09
0.0012095 7.27862e-10
0.0012105 2.05712e-10
0.0012115 1.11684e-11
0.0012125 1.30519e-10
0.0012135 5.23173e-10
0.0012145 1.12579e-09
0.0012155 1.85841e-09
0.0012165 2.63208e-09
0.0012175 3.35725e-09
0.0012185 3.95225e-09
0.0012195 4.35093e-09
0.0012205 4.50905e-09
0.0012215 4.40854e-09
0.0012225 4.05937e-09
0.0012235 3.49892e-09
0.0012245 2.78868e-09
0.0012255 2.00877e-09
0.0012265 1.25061e-09
0.0012275 6.08392e-10
0.0012285 1.7024e-10
0.0012295 9.64608e-12
0.0012305 1.78126e-10
0.0012315 6.99676e-10
0.0012325 1.56758e-09
0.0012335 2.7439e-09
0.0012345 4.16171e-09
0.0012355 5.72993e-09
0.0012365 7.34042e-09
0.0012375 8.87668e-09
0.0012385 1.02235e-08
0.0012395 1.12766e-08
0.0012405 1.19518e-08
0.0012415 1.21924e-08
0.0012425 1.19745e-08
0.0012435 1.13095e-08
0.0012445 1.02443e-08
0.0012455 8.85764e-09
0.0012465 7.25468e-09
0.0012475 5.5587e-09
0.0012485 3.90155e-09
0.0012495 2.41332e-09
0.0012505 1.21198e-09
0.0012515 3.94006e-10
0.0012525 2.66884e-11
0.0012535 1.42791e-10
0.0012545 7.37945e-10
0.0012555 1.77104e-09
0.0012565 3.1675e-09
0.0012575 4.8253e-09
0.0012585 6.62299e-09
0.0012595 8.42926e-09
0.0012605 1.01132e-08
0.0012615 1.15544e-08
0.0012625 1.26517e-08
0.0012635 1.33312e-08
0.0012645 1.35506e-08
0.0012655 1.3302e-08
0.0012665 1.26116e-08
0.0012675 1.15365e-08
0.0012685 1.0159e-08
0.0012695 8.57944e-09
0.0012705 6.90775e-09
0.0012715 5.25412e-09
0.0012725 3.72037e-09
0.0012735 2.39227e-09
0.0012745 1.33341e-09
0.0012755 5.81305e-10
0.0012765 1.45842e-10
0.0012775 1.01568e-11
0.0012785 1.33816e-10
0.0012795 4.57903e-10
0.0012805 9.11506e-10
0.0012815 1.41898e-09
0.0012825 1.90726e-09
0.0012835 2.31266e-09
0.0012845 2.5864e-09
0.0012855 2.69848e-09
0.0012865 2.63963e-09
0.0012875 2.42114e-09
0.0012885 2.07258e-09
0.0012895 1.63795e-09
0.0012905 1.1703e-09
0.0012915 7.25771e-10
0.0012925 3.5732e-10
0.0012935 1.08986e-10
0.0012945 1.11524e-11
0.0012955 7.72997e-11
0.0012965 3.02555e-10
0.0012975 6.64185e-10
0.0012985 1.12396e-09
0.0012995 1.6322e-09
0.0013005 2.133e-09
0.0013015 2.57025e-09
0.0013025 2.89377e-09
0.0013035 3.06492e-09
0.0013045 3.06119e-09
0.0013055 2.87923e-09
0.0013065 2.53609e-09
0.0013075 2.06827e-09
0.0013085 1.52897e-09
0.0013095 9.83447e-10
0.0013105 5.03026e-10
0.0013115 1.58318e-10
0.0013125 1.2203e-11
0.0013135 1.13275e-10
0.0013145 4.9038e-10
0.0013155 1.14878e-09
0.0013165 2.06838e-09
0.0013175 3.20418e-09
0.0013185 4.48906e-09
0.0013195 5.83867e-09
0.0013205 7.15803e-09
0.0013215 8.34934e-09
0.0013225 9.32034e-09
0.0013235 9.99237e-09
0.0013245 1.03077e-08
0.0013255 1.0235e-08
0.0013265 9.77305e-09
0.0013275 8.95172e-09
0.0013285 7.83038e-09
0.0013295 6.49389e-09
0.0013305 5.04626e-09
0.0013315 3.60258e-09
0.0013325 2.27989e-09
0.0013335 1.18768e-09
0.0013345 4.18887e-10
0.0013355 4.20955e-11
0.0013365 9.56684e-11
0.0013375 5.84254e-10
0.0013385 1.47804e-09
0.0013395 2.71484e-09
0.0013405 4.20477e-09
0.0013415 5.83734e-09
0.0013425 7.49012e-09
0.0013435 9.0385e-09
0.0013445 1.03656e-08
0.0013455 1.13715e-08
0.0013465 1.19814e-08
0.0013475 1.21508e-08
0.0013485 1.18696e-08
0.0013495 1.11619e-08
0.0013505 1.00843e-08
0.0013515 8.72029e-09
0.0013525 7.17357e-09
0.0013535 5.5592e-09
0.0013545 3.99412e-09
0.0013555 2.58755e-09
0.0013565 1.43228e-09
0.0013575 5.97447e-10
0.0013585 1.2339e-10
0.0013595 1.91011e-11
0.0013605 2.62327e-10
0.0013615 8.02368e-10
0.0013625 1.56525e-09
0.0013635 2.46083e-09
0.0013645 3.3911e-09
0.0013655 4.2591e-09
0.0013665 4.97752e-09
0.0013675 5.47627e-09
0.0013685 5.70841e-09
0.0013695 5.65389e-09
0.0013705 5.32087e-09
0.0013715 4.74437e-09
0.0013725 3.98262e-09
0.0013735 3.11129e-09
0.0013745 2.21621e-09
0.0013755 1.38528e-09
0.0013765 7.00207e-10
0.0013775 2.28933e-10
0.0013785 1.93606e-11
0.0013795 9.4952e-11
0.0013805 4.52598e-10
0.0013815 1.06293e-09
0.0013825 1.87306e-09
0.0013835 2.81142e-09
0.0013845 3.79434e-09
0.0013855 4.73374e-09
0.0013865 5.54515e-09
0.0013875 6.15549e-09
0.0013885 6.50967e-09
0.0013895 6.57572e-09
0.0013905 6.34762e-09
0.0013915 5.84596e-09
0.0013925 5.11596e-09
0.0013935 4.22343e-09
0.0013945 3.24873e-09
0.0013955 2.27941e-09
0.0013965 1.4022e-09
0.0013975 6.95067e-10
0.0013985 2.20026e-10
0.0013995 1.74155e-11
0.0014005 1.02146e-10
0.0014015 4.62279e-10
0.0014025 1.06007e-09
0.0014035 1.83543e-09
0.0014045 2.71141e-09
0.0014055 3.60142e-09
0.0014065 4.41728e-09
0.0014075 5.07757e-09
0.0014085 5.51549e-09
0.0014095 5.6854e-09
0.0014105 5.56756e-09
0.0014115 5.17051e-09
0.0014125 4.53094e-09
0.0014135 3.71092e-09
0.0014145 2.79277e-09
0.0014155 1.87199e-09
0.0014165 1.04877e-09
0.0014175 4.18967e-10
0.0014185 6.51748e-11
0.0014195 4.88048e-11
0.0014205 4.03841e-10
0.0014215 1.13287e-09
0.0014225 2.20576e-09
0.0014235 3.56121e-09
0.0014245 5.11097e-09
0.0014255 6.74659e-09
0.0014265 8.34801e-09
0.0014275 9.79337e-09
0.0014285 1.09692e-08
0.0014295 1.17802e-08
0.0014305 1.21575e-08
0.0014315 1.20653e-08
0.0014325 1.15044e-08
0.0014335 1.05133e-08
0.0014345 9.16549e-09
0.0014355 7.56501e-09
0.0014365 5.83817e-09
0.0014375 4.12422e-09
0.0014385 2.56446e-09
0.0014395 1.29121e-09
0.0014405 4.1734e-10
0.0014415 2.71678e-11
0.0014425 1.69656e-10
0.0014435 8.54264e-10
0.0014445 2.0499e-09
0.0014455 3.68701e-09
0.0014465 5.6627e-09
0.0014475 7.84836e-09
0.0014485 1.00993e-08
0.0014495 1.22656e-08
0.0014505 1.4203e-08
0.0014515 1.57838e-08
0.0014525 1.69058e-08
0.0014535 1.74996e-08
0.0014545 1.75326e-08
0.0014555 1.70111e-08
0.0014565 1.59786e-08
0.0014575 1.45113e-08
0.0014585 1.27121e-08
0.0014595 1.07011e-08
0.0014605 8.60708e-09
0.0014615 6.55673e-09
0.0014625 4.66576e-09
0.0014635 3.03054e-09
0.0014645 1.72187e-09
0.0014655 7.81032e-10
0.0014665 2.18329e-10
0.0014675 1.42969e-11
0.0014685 1.23242e-10
0.0014695 4.78788e-10
0.0014705 1.00087e-09
0.0014715 1.60353e-09
0.0014725 2.20277e-09
0.0014735 2.72386e-09
0.0014745 3.10741e-09
0.0014755 3.31374e-09
0.0014765 3.32525e-09
0.0014775 3.14669e-09
0.0014785 2.80322e-09
0.0014795 2.33682e-09
0.0014805 1.80108e-09
0.0014815 1.25525e-09
0.0014825 7.57913e-10
0.0014835 3.60919e-10
0.0014845 1.04266e-10
0.0014855 1.22471e-11
0.0014865 9.12884e-11
0.0014875 3.29614e-10
0.0014885 6.98749e-10
0.0014895 1.15668e-09
0.0014905 1.65233e-09
0.0014915 2.13094e-09
0.0014925 2.53973e-09
0.0014935 2.83344e-09
0.0014945 2.97904e-09
0.0014955 2.95933e-09
0.0014965 2.77486e-09
0.0014975 2.44427e-09
0.0014985 2.00275e-09
0.0014995 1.49887e-09
0.0015005 9.90106e-10
0.0015015 5.37427e-10
0.0015025 1.99399e-10
0.0015035 2.6472e-11
0.0015045 5.58839e-11
0.0015055 3.07714e-10
0.0015065 7.82443e-10
0.0015075 1.46027e-09
0.0015085 2.30227e-09
0.0015095 3.25329e-09
0.0015105 4.24639e-09
0.0015115 5.20839e-09
0.0015125 6.06607e-09
0.0015135 6.75244e-09
0.0015145 7.21267e-09
0.0015155 7.40886e-09
0.0015165 7.3236e-09
0.0015175 6.96162e-09
0.0015185 6.34972e-09
0.0015195 5.53468e-09
0.0015205 4.57955e-09
0.0015215 3.55849e-09
0.0015225 2.5507e-09
0.0015235 1.63383e-09
0.0015245 8.77638e-10
0.0015255 3.3824e-10
0.0015265 5.35426e-11
0.0015275 4.02477e-11
0.0015285 2.92646e-10
0.0015295 7.83309e-10
0.0015305 1.46561e-09
0.0015315 2.27783e-09
0.0015325 3.14853e-09
0.0015335 4.00261e-09
0.0015345 4.76769e-09
0.0015355 5.38009e-09
0.0015365 5.79006e-09
0.0015375 5.96565e-09
0.0015385 5.8951e-09
0.0015395 5.58733e-09
0.0015405 5.07078e-09
0.0015415 4.39047e-09
0.0015425 3.60376e-09
0.0015435 2.77509e-09
0.0015445 1.9702e-09
0.0015455 1.25042e-09
0.0015465 6.67356e-10
0.0015475 2.58707e-10
0.0015485 4.52606e-11
0.0015495 2.95623e-11
0.0015505 1.96216e-10
0.0015515 5.13812e-10
0.0015525 9.38266e-10
0.0015535 1.41726e-09
0.0015545 1.89537e-09
0.0015555 2.31936e-09
0.0015565 2.64324e-09
0.0015575 2.83255e-09
0.0015585 2.86754e-09
0.0015595 2.74493e-09
0.0015605 2.47809e-09
0.0015615 2.09573e-09
0.0015625 1.63909e-09
0.0015635 1.15797e-09
0.0015645 7.06024e-10
0.0015655 3.35623e-10
0.0015665 9.28534e-11
0.0015675 1.30808e-11
0.0015685 1.17481e-10
0.0015695 4.1085e-10
0.0015705 8.80895e-10
0.0015715 1.49907e-09
0.0015725 2.22287e-09
0.0015735 2.99942e-09
0.0015745 3.76995e-09
0.0015755 4.47488e-09
0.0015765 5.05892e-09
0.0015775 5.47587e-09
0.0015785 5.6926e-09
0.0015795 5.69189e-09
0.0015805 5.4739e-09
0.0015815 5.05612e-09
0.0015825 4.47184e-09
0.0015835 3.76724e-09
0.0015845 2.99741e-09
0.0015855 2.22163e-09
0.0015865 1.49836e-09
0.0015875 8.8027e-10
0.0015885 4.09948e-10
0.0015895 1.16457e-10
0.0015905 1.31438e-11
0.0015915 9.68405e-11
0.0015925 3.4852e-10
0.0015935 7.35326e-10
0.0015945 1.21378e-09
0.0015955 1.73384e-09
0.0015965 2.24353e-09
0.0015975 2.69354e-09
0.0015985 3.04159e-09
0.0015995 3.25604e-09
0.0016005 3.31847e-09
0.0016015 3.22503e-09
0.0016025 2.98641e-09
0.0016035 2.62653e-09
0.0016045 2.18002e-09
0.0016055 1.68878e-09
0.0016065 1.19793e-09
0.0016075 7.51503e-10
0.0016085 3.88403e-10
0.0016095 1.38799e-10
0.0016105 2.14641e-11
0.0016115 4.22024e-11
0.0016125 1.93514e-10
0.0016135 4.55524e-10
0.0016145 7.98069e-10
0.0016155 1.18374e-09
0.0016165 1.57157e-09
0.0016175 1.92106e-09
0.0016185 2.19609e-09
0.0016195 2.36843e-09
0.0016205 2.42045e-09
0.0016215 2.3468e-09
0.0016225 2.15496e-09
0.0016235 1.8645e-09
0.0016245 1.50523e-09
0.0016255 1.11431e-09
0.0016265 7.32714e-10
0.0016275 4.01268e-10
0.0016285 1.56691e-10
0.0016295 2.80067e-11
0.0016305 3.36496e-11
0.0016315 1.79557e-10
0.0016325 4.58417e-10
0.0016335 8.50163e-10
0.0016345 1.32366e-09
0.0016355 1.83947e-09
0.0016365 2.35336e-09
0.0016375 2.82039e-09
0.0016385 3.19903e-09
0.0016395 3.45503e-09
0.0016405 3.56469e-09
0.0016415 3.51716e-09
0.0016425 3.31561e-09
0.0016435 2.97711e-09
0.0016445 2.53126e-09
0.0016455 2.01764e-09
0.0016465 1.48238e-09
0.0016475 9.74003e-10
0.0016485 5.39121e-10
0.0016495 2.18192e-10
0.0016505 4.18178e-11
0.0016515 2.79008e-11
0.0016525 1.79917e-10
0.0016535 4.86477e-10
0.0016545 9.2222e-10
0.0016555 1.44997e-09
0.0016565 2.024e-09
0.0016575 2.594e-09
0.0016585 3.10965e-09
0.0016595 3.52505e-09
0.0016605 3.80289e-09
0.0016615 3.9179e-09
0.0016625 3.85916e-09
0.0016635 3.63122e-09
0.0016645 3.25381e-09
0.0016655 2.76019e-09
0.0016665 2.19428e-09
0.0016675 1.60685e-09
0.0016685 1.05102e-09
0.0016695 5.77507e-10
0.0016705 2.30129e-10
0.0016715 4.18035e-11
0.0016725 3.15227e-11
0.0016735 2.02542e-10
0.0016745 5.41945e-10
0.0016755 1.02165e-09
0.0016765 1.60076e-09
0.0016775 2.22911e-09
0.0016785 2.85157e-09
0.0016795 3.41301e-09
0.0016805 3.86308e-09
0.0016815 4.16086e-09
0.0016825 4.27854e-09
0.0016835 4.20411e-09
0.0016845 3.94263e-09
0.0016855 3.5161e-09
0.0016865 2.96175e-09
0.0016875 2.3291e-09
0.0016885 1.67587e-09
0.0016895 1.06315e-09
0.0016905 5.50227e-10
0.0016915 1.8951e-10
0.0016925 2.19919e-11
0.0016935 7.36265e-11
0.0016945 3.5293e-10
0.0016955 8.50023e-10
0.0016965 1.53719e-09
0.0016975 2.37091e-09
0.0016985 3.29523e-09
0.0016995 4.24607e-09
0.0017005 5.15634e-09
0.0017015 5.96118e-09
0.0017025 6.60305e-09
0.0017035 7.03624e-09
0.0017045 7.23036e-09
0.0017055 7.17259e-09
0.0017065 6.86856e-09
0.0017075 6.34164e-09
0.0017085 5.63091e-09
0.0017095 4.78792e-09
0.0017105 3.87243e-09
0.0017115 2.94768e-09
0.0017125 2.07543e-09
0.0017135 1.31123e-09
0.0017145 7.00377e-10
0.0017155 2.74706e-10
0.0017165 5.06529e-11
0.0017175 2.85565e-11
0.0017185 1.93307e-10
0.0017195 5.16211e-10
0.0017205 9.57892e-10
0.0017215 1.47194e-09
0.0017225 2.00897e-09
0.0017235 2.52077e-09
0.0017245 2.96413e-09
0.0017255 3.30406e-09
0.0017265 3.51619e-09
0.0017275 3.58811e-09
0.0017285 3.51962e-09
0.0017295 3.32191e-09
0.0017305 3.01582e-09
0.0017315 2.62934e-09
0.0017325 2.19464e-09
0.0017335 1.7449e-09
0.0017345 1.31127e-09
0.0017355 9.20232e-10
0.0017365 5.91553e-10
0.0017375 3.37075e-10
0.0017385 1.60321e-10
0.0017395 5.69904e-11
0.0017405 1.62096e-11
0.0017415 2.2399e-11
0.0017425 5.75236e-11
0.0017435 1.03485e-10
0.0017445 1.44396e-10
0.0017455 1.68494e-10
0.0017465 1.69504e-10
0.0017475 1.47302e-10
0.0017485 1.07837e-10
0.0017495 6.22945e-11
0.0017505 2.56356e-11
0.0017515 1.46384e-11
0.0017525 4.56744e-11
0.0017535 1.32455e-10
0.0017545 2.83995e-10
0.0017555 5.03025e-10
0.0017565 7.85032e-10
0.0017575 1.11806e-09
0.0017585 1.4833e-09
0.0017595 1.8565e-09
0.0017605 2.20996e-09
0.0017615 2.51506e-09
0.0017625 2.74505e-09
0.0017635 2.87779e-09
0.0017645 2.89818e-09
0.0017655 2.80012e-09
0.0017665 2.58769e-09
0.0017675 2.27537e-09
0.0017685 1.88746e-09
0.0017695 1.4564e-09
0.0017705 1.02039e-09
0.0017715 6.20373e-10
0.0017725 2.96562e-10
0.0017735 8.49874e-11
0.0017745 1.42206e-11
0.0017755 1.02636e-10
0.0017765 3.5646e-10
0.0017775 7.6879e-10
0.0017785 1.3197e-09
0.0017795 1.97745e-09
0.0017805 2.70071e-09
0.0017815 3.44163e-09
0.0017825 4.14954e-09
0.0017835 4.7749e-09
0.0017845 5.27327e-09
0.0017855 5.60884e-09
0.0017865 5.75737e-09
0.0017875 5.70814e-09
0.0017885 5.46483e-09
0.0017895 5.04522e-09
0.0017905 4.47974e-09
0.0017915 3.80898e-09
0.0017925 3.0804e-09
0.0017935 2.34445e-09
0.0017945 1.65059e-09
0.0017955 1.04329e-09
0.0017965 5.58599e-10
0.0017975 2.21482e-10
0.0017985 4.40427e-11
0.0017995 2.49497e-11
0.0018005 1.49972e-10
0.0018015 3.93619e-10
0.0018025 7.21706e-10
0.0018035 1.09461e-09
0.0018045 1.47095e-09
0.0018055 1.81125e-09
0.0018065 2.08145e-09
0.0018075 2.25575e-09
0.0018085 2.31868e-09
0.0018095 2.26614e-09
0.0018105 2.1054e-09
0.0018115 1.85405e-09
0.0018125 1.53792e-09
0.0018135 1.18843e-09
0.0018145 8.39261e-10
0.0018155 5.23056e-10
0.0018165 2.68157e-10
0.0018175 9.58654e-11
0.0018185 1.84235e-11
0.0018195 3.79158e-11
0.0018205 1.46198e-10
0.0018215 3.25858e-10
0.0018225 5.52125e-10
0.0018235 7.95526e-10
0.0018245 1.02506e-09
0.0018255 1.21157e-09
0.0018265 1.33098e-09
0.0018275 1.36707e-09
0.0018285 1.31356e-09
0.0018295 1.17524e-09
0.0018305 9.67959e-10
0.0018315 7.17623e-10
0.0018325 4.5805e-10
0.0018335 2.28028e-10
0.0018345 6.77299e-11
0.0018355 1.48488e-11
0.0018365 1.00782e-10
0.0018375 3.4723e-10
0.0018385 7.63522e-10
0.0018395 1.34495e-09
0.0018405 2.07228e-09
0.0018415 2.91253e-09
0.0018425 3.82094e-09
0.0018435 4.74414e-09
0.0018445 5.62402e-09
0.0018455 6.40229e-09
0.0018465 7.02509e-09
0.0018475 7.44744e-09
0.0018485 7.63709e-09
0.0018495 7.57739e-09
0.0018505 7.26898e-09
0.0018515 6.73017e-09
0.0018525 5.99585e-09
0.0018535 5.11514e-09
0.0018545 4.14776e-09
0.0018555 3.15971e-09
0.0018565 2.21825e-09
0.0018575 1.38688e-09
0.0018585 7.2054e-10
0.0018595 2.61539e-10
0.0018605 3.64304e-11
0.0018615 5.41772e-11
0.0018625 3.05698e-10
0.0018635 7.64825e-10
0.0018645 1.3906e-09
0.0018655 2.13066e-09
0.0018665 2.92552e-09
0.0018675 3.71327e-09
0.0018685 4.43435e-09
0.0018695 5.03609e-09
0.0018705 5.47648e-09
0.0018715 5.72705e-09
0.0018725 5.77451e-09
0.0018735 5.62114e-09
0.0018745 5.28388e-09
0.0018755 4.79231e-09
0.0018765 4.18553e-09
0.0018775 3.50858e-09
0.0018785 2.80836e-09
0.0018795 2.12971e-09
0.0018805 1.51176e-09
0.0018815 9.85066e-10
0.0018825 5.69597e-10
0.0018835 2.73825e-10
0.0018845 9.49021e-11
0.0018855 1.98957e-11
0.0018865 2.79178e-11
0.0018875 9.29223e-11
0.0018885 1.86874e-10
0.0018895 2.82976e-10
0.0018905 3.58632e-10
0.0018915 3.97863e-10
0.0018925 3.92948e-10
0.0018935 3.45132e-10
0.0018945 2.64347e-10
0.0018955 1.67982e-10
0.0018965 7.88353e-11
0.0018975 2.24457e-11
0.0018985 2.40897e-11
0.0018995 1.05732e-10
0.0019005 2.83247e-10
0.0019015 5.64185e-10
0.0019025 9.46326e-10
0.0019035 1.41718e-09
0.0019045 1.95446e-09
0.0019055 2.52763e-09
0.0019065 3.1002e-09
0.0019075 3.63276e-09
0.0019085 4.08637e-09
0.0019095 4.42609e-09
0.0019105 4.62414e-09
0.0019115 4.66269e-09
0.0019125 4.53565e-09
0.0019135 4.24966e-09
0.0019145 3.8238e-09
0.0019155 3.28837e-09
0.0019165 2.68256e-09
0.0019175 2.05133e-09
0.0019185 1.44177e-09
0.0019195 8.99239e-10
0.0019205 4.6355e-10
0.0019215 1.65655e-10
0.0019225 2.50463e-11
0.0019235 4.81284e-11
0.0019245 2.27709e-10
0.0019255 5.4366e-10
0.0019265 9.64688e-10
0.0019275 1.45107e-09
0.0019285 1.95812e-09
0.0019295 2.44003e-09
0.0019305 2.85388e-09
0.0019315 3.16328e-09
0.0019325 3.34146e-09
0.0019335 3.37355e-09
0.0019345 3.25767e-09
0.0019355 3.00502e-09
0.0019365 2.63867e-09
0.0019375 2.19145e-09
0.0019385 1.70282e-09
0.0019395 1.21537e-09
0.0019405 7.70897e-10
0.0019415 4.06702e-10
0.0019425 1.5228e-10
0.0019435 2.67541e-11
0.0019445 3.72701e-11
0.0019455 1.78499e-10
0.0019465 4.33276e-10
0.0019475 7.74315e-10
0.0019485 1.16684e-09
0.0019495 1.57187e-09
0.0019505 1.94989e-09
0.0019515 2.26451e-09
0.0019525 2.48581e-09
0.0019535 2.5931e-09
0.0019545 2.57674e-09
0.0019555 2.43894e-09
0.0019565 2.19347e-09
0.0019575 1.86421e-09
0.0019585 1.48284e-09
0.0019595 1.08572e-09
0.0019605 7.10404e-10
0.0019615 3.91973e-10
0.0019625 1.59688e-10
0.0019635 3.41546e-11
0.0019645 2.53344e-11
0.0019655 1.3159e-10
0.0019665 3.39845e-10
0.0019675 6.2687e-10
0.0019685 9.61559e-10
0.0019695 1.308e-09
0.0019705 1.62908e-09
0.0019715 1.89016e-09
0.0019725 2.06272e-09
0.0019735 2.12727e-09
0.0019745 2.07558e-09
0.0019755 1.91177e-09
0.0019765 1.65222e-09
0.0019775 1.32428e-09
0.0019785 9.63859e-10
0.0019795 6.12124e-10
0.0019805 3.1156e-10
0.0019815 1.01796e-10
0.0019825 1.55539e-11
0.0019835 7.51237e-11
0.0019845 2.89715e-10
0.0019855 6.53954e-10
0.0019865 1.14771e-09
0.0019875 1.73732e-09
0.0019885 2.37812e-09
0.0019895 3.01815e-09
0.0019905 3.60266e-09
0.0019915 4.07911e-09
0.0019925 4.40218e-09
0.0019935 4.53837e-09
0.0019945 4.46973e-09
0.0019955 4.19639e-09
0.0019965 3.73764e-09
0.0019975 3.13133e-09
0.0019985 2.43165e-09
0.0019995 1.70548e-09
0.0020005 1.02737e-09
0.0020015 4.73788e-10
0.0020025 1.1689e-10
0.0020035 1.84309e-11
0.0020045 2.24279e-10
0.0020055 7.60011e-10
0.0020065 1.62798e-09
0.0020075 2.80613e-09
0.0020085 4.24866e-09
0.0020095 5.88861e-09
0.0020105 7.64206e-09
0.0020115 9.41376e-09
0.0020125 1.11037e-08
0.0020135 1.26142e-08
0.0020145 1.38566e-08
0.0020155 1.47579e-08
0.0020165 1.52657e-08
0.0020175 1.53517e-08
0.0020185 1.50139e-08
0.0020195 1.42761e-08
0.0020205 1.3186e-08
0.0020215 1.18114e-08
0.0020225 1.02351e-08
0.0020235 8.54843e-09
0.0020245 6.84488e-09
0.0020255 5.21312e-09
0.0020265 3.73113e-09
0.0020275 2.46108e-09
0.0020285 1.4457e-09
0.0020295 7.06318e-10
0.0020305 2.42683e-10
0.0020315 3.449e-11
0.0020325 4.4472e-11
0.0020335 2.22714e-10
0.0020345 5.11794e-10
0.0020355 8.52269e-10
0.0020365 1.18803e-09
0.0020375 1.47108e-09
0.0020385 1.66524e-09
0.0020395 1.74868e-09
0.0020405 1.71489e-09
0.0020415 1.57213e-09
0.0020425 1.34158e-09
0.0020435 1.05418e-09
0.0020445 7.46746e-10
0.0020455 4.57519e-10
0.0020465 2.21822e-10
0.0020475 6.80871e-11
