-0.0020475 2.96992e-12
-0.0020465 8.01508e-11
-0.0020455 2.53222e-10
-0.0020445 5.01436e-10
-0.0020435 7.94777e-10
-0.0020425 1.09729e-09
-0.0020415 1.3711e-09
-0.0020405 1.58085e-09
-0.0020395 1.69789e-09
-0.0020385 1.70409e-09
-0.0020375 1.59458e-09
-0.0020365 1.37941e-09
-0.0020355 1.08366e-09
-0.0020345 7.46103e-10
-0.0020335 4.16482e-10
-0.0020325 1.51505e-10
-0.0020315 9.9694e-12
-0.0020305 4.73996e-11
-0.0020295 3.10655e-10
-0.0020285 8.32999e-10
-0.0020275 1.63009e-09
-0.0020265 2.69725e-09
-0.0020255 4.00834e-09
-0.0020245 5.51638e-09
-0.0020235 7.15585e-09
-0.0020225 8.84664e-09
-0.0020215 1.04994e-08
-0.0020205 1.20215e-08
-0.0020195 1.3324e-08
-0.0020185 1.43279e-08
-0.0020175 1.49703e-08
-0.0020165 1.52093e-08
-0.0020155 1.5027e-08
-0.0020145 1.44316e-08
-0.0020135 1.34566e-08
-0.0020125 1.21591e-08
-0.0020115 1.06152e-08
-0.0020105 8.9152e-09
-0.0020095 7.15693e-09
-0.0020085 5.43877e-09
-0.0020075 3.8529e-09
-0.0020065 2.47889e-09
-0.0020055 1.3785e-09
-0.0020045 5.91782e-10
-0.0020035 1.35049e-10
-0.0020025 5.73904e-13
-0.0020015 1.58201e-10
-0.0020005 5.58604e-10
-0.0019995 1.13792e-09
-0.0019985 1.82334e-09
-0.0019975 2.53924e-09
-0.0019965 3.21321e-09
-0.0019955 3.78168e-09
-0.0019945 4.19454e-09
-0.0019935 4.41849e-09
-0.0019925 4.43882e-09
-0.0019915 4.25968e-09
-0.0019905 3.90259e-09
-0.0019895 3.40372e-09
-0.0019885 2.8099e-09
-0.0019875 2.17399e-09
-0.0019865 1.54988e-09
-0.0019855 9.87611e-10
-0.0019845 5.29071e-10
-0.0019835 2.04599e-10
-0.0019825 3.0748e-11
-0.0019815 9.39586e-12
-0.0019805 1.28229e-10
-0.0019795 3.62507e-10
-0.0019785 6.77907e-10
-0.0019775 1.03416e-09
-0.0019765 1.38912e-09
-0.0019755 1.70288e-09
-0.0019745 1.94154e-09
-0.0019735 2.0803e-09
-0.0019725 2.10563e-09
-0.0019715 2.01623e-09
-0.0019705 1.8229e-09
-0.0019695 1.54717e-09
-0.0019685 1.21893e-09
-0.0019675 8.73328e-10
-0.0019665 5.47183e-10
-0.0019655 2.7529e-10
-0.0019645 8.69629e-11
-0.0019635 3.15536e-12
-0.0019625 3.44064e-11
-0.0019615 1.79817e-10
-0.0019605 4.2714e-10
-0.0019595 7.53965e-10
-0.0019585 1.12989e-09
-0.0019575 1.51945e-09
-0.0019565 1.88555e-09
-0.0019555 2.19306e-09
-0.0019545 2.41221e-09
-0.0019535 2.52149e-09
-0.0019525 2.50981e-09
-0.0019515 2.37764e-09
-0.0019505 2.13709e-09
-0.0019495 1.81084e-09
-0.0019485 1.43013e-09
-0.0019475 1.03191e-09
-0.0019465 6.55407e-10
-0.0019455 3.38459e-10
-0.0019445 1.13987e-10
-0.0019435 6.83812e-12
-0.0019425 3.13848e-11
-0.0019415 1.9005e-10
-0.0019405 4.72931e-10
-0.0019395 8.58542e-10
-0.0019385 1.31563e-09
-0.0019375 1.80591e-09
-0.0019365 2.28743e-09
-0.0019355 2.71835e-09
-0.0019345 3.06071e-09
-0.0019335 3.28389e-09
-0.0019325 3.36745e-09
-0.0019315 3.30311e-09
-0.0019305 3.09556e-09
-0.0019295 2.76226e-09
-0.0019285 2.33203e-09
-0.0019275 1.84259e-09
-0.0019265 1.33742e-09
-0.0019255 8.61959e-10
-0.0019245 4.59746e-10
-0.0019235 1.68598e-10
-0.0019225 1.73505e-11
-0.0019215 2.33353e-11
-0.0019205 1.90861e-10
-0.0019195 5.10808e-10
-0.0019185 9.61381e-10
-0.0019175 1.50994e-09
-0.0019165 2.11574e-09
-0.0019155 2.73337e-09
-0.0019145 3.3165e-09
-0.0019135 3.82172e-09
-0.0019125 4.21205e-09
-0.0019115 4.45987e-09
-0.0019105 4.54894e-09
-0.0019095 4.4755e-09
-0.0019085 4.2482e-09
-0.0019075 3.88698e-09
-0.0019065 3.42105e-09
-0.0019055 2.88602e-09
-0.0019045 2.32071e-09
-0.0019035 1.7636e-09
-0.0019025 1.24959e-09
-0.0019015 8.07159e-10
-0.0019005 4.56152e-10
-0.0018995 2.06573e-10
-0.0018985 5.82865e-11
-0.0018975 1.73403e-12
-0.0018965 1.95578e-11
-0.0018955 8.89456e-11
-0.0018945 1.84466e-10
-0.0018935 2.81102e-10
-0.0018925 3.57173e-10
-0.0018915 3.96865e-10
-0.0018905 3.92097e-10
-0.0018895 3.43539e-10
-0.0018885 2.60683e-10
-0.0018875 1.60931e-10
-0.0018865 6.77957e-11
-0.0018855 8.37032e-12
-0.0018845 1.03196e-11
-0.0018835 9.86722e-11
-0.0018825 2.9274e-10
-0.0018815 6.03471e-10
-0.0018805 1.03151e-09
-0.0018795 1.5662e-09
-0.0018785 2.18563e-09
-0.0018775 2.85774e-09
-0.0018765 3.54257e-09
-0.0018755 4.19522e-09
-0.0018745 4.76954e-09
-0.0018735 5.22211e-09
-0.0018725 5.51612e-09
-0.0018715 5.62491e-09
-0.0018705 5.53478e-09
-0.0018695 5.24679e-09
-0.0018685 4.7774e-09
-0.0018675 4.15778e-09
-0.0018665 3.43195e-09
-0.0018655 2.6537e-09
-0.0018645 1.88268e-09
-0.0018635 1.17986e-09
-0.0018625 6.02747e-10
-0.0018615 2.00847e-10
-0.0018605 1.15767e-11
-0.0018595 5.71324e-11
-0.0018585 3.42496e-10
-0.0018575 8.54786e-10
-0.0018565 1.56401e-09
-0.0018555 2.42517e-09
-0.0018545 3.38157e-09
-0.0018535 4.36905e-09
-0.0018525 5.32077e-09
-0.0018515 6.17227e-09
-0.0018505 6.86625e-09
-0.0018495 7.35681e-09
-0.0018485 7.61269e-09
-0.0018475 7.61944e-09
-0.0018465 7.38011e-09
-0.0018455 6.91465e-09
-0.0018445 6.25796e-09
-0.0018435 5.45678e-09
-0.0018425 4.5658e-09
-0.0018415 3.64315e-09
-0.0018405 2.74582e-09
-0.0018395 1.92529e-09
-0.0018385 1.22376e-09
-0.0018375 6.71345e-10
-0.0018365 2.84286e-10
-0.0018355 6.44698e-11
-0.0018345 1.59506e-13
-0.0018335 6.78644e-11
-0.0018325 2.35152e-10
-0.0018315 4.64118e-10
-0.0018305 7.15196e-10
-0.0018295 9.5094e-10
-0.0018285 1.13945e-09
-0.0018275 1.25716e-09
-0.0018265 1.29067e-09
-0.0018255 1.23759e-09
-0.0018245 1.10628e-09
-0.0018235 9.14518e-10
-0.0018225 6.87308e-10
-0.0018215 4.5399e-10
-0.0018205 2.44994e-10
-0.0018195 8.85323e-11
-0.0018185 7.55107e-12
-0.0018175 1.72389e-11
-0.0018165 1.23334e-10
-0.0018155 3.21386e-10
-0.0018145 5.97052e-10
-0.0018135 9.27383e-10
-0.0018125 1.283e-09
-0.0018115 1.63093e-09
-0.0018105 1.93787e-09
-0.0018095 2.1735e-09
-0.0018085 2.31363e-09
-0.0018075 2.34277e-09
-0.0018065 2.25595e-09
-0.0018055 2.05956e-09
-0.0018045 1.77117e-09
-0.0018035 1.41823e-09
-0.0018025 1.03587e-09
-0.0018015 6.63923e-10
-0.0018005 3.43429e-10
-0.0017995 1.12925e-10
-0.0017985 4.89995e-12
-0.0017975 4.26788e-11
-0.0017965 2.38056e-10
-0.0017955 5.89883e-10
-0.0017945 1.08376e-09
-0.0017935 1.69285e-09
-0.0017925 2.37981e-09
-0.0017915 3.09961e-09
-0.0017905 3.80307e-09
-0.0017895 4.44079e-09
-0.0017885 4.96714e-09
-0.0017875 5.34395e-09
-0.0017865 5.54364e-09
-0.0017855 5.55149e-09
-0.0017845 5.36681e-09
-0.0017835 5.00306e-09
-0.0017825 4.48665e-09
-0.0017815 3.85491e-09
-0.0017805 3.15297e-09
-0.0017795 2.43018e-09
-0.0017785 1.73618e-09
-0.0017775 1.117e-09
-0.0017765 6.11531e-10
-0.0017755 2.48636e-10
-0.0017745 4.51662e-11
-0.0017735 4.98262e-12
-0.0017725 1.19082e-10
-0.0017715 3.66782e-10
-0.0017705 7.17833e-10
-0.0017695 1.13525e-09
-0.0017685 1.57865e-09
-0.0017675 2.00765e-09
-0.0017665 2.38526e-09
-0.0017655 2.68078e-09
-0.0017645 2.87199e-09
-0.0017635 2.94662e-09
-0.0017625 2.90276e-09
-0.0017615 2.74842e-09
-0.0017605 2.50023e-09
-0.0017595 2.18135e-09
-0.0017585 1.81903e-09
-0.0017575 1.44178e-09
-0.0017565 1.07674e-09
-0.0017555 7.47208e-10
-0.0017545 4.70759e-10
-0.0017535 2.58031e-10
-0.0017525 1.12275e-10
-0.0017515 2.97105e-11
-0.0017505 6.00126e-13
-0.0017495 1.09202e-11
-0.0017485 4.44296e-11
-0.0017475 8.49069e-11
-0.0017465 1.18309e-10
-0.0017455 1.3462e-10
-0.0017445 1.2918e-10
-0.0017435 1.03366e-10
-0.0017425 6.45151e-11
-0.0017415 2.51301e-11
-0.0017405 1.40626e-12
-0.0017395 1.12548e-11
-0.0017385 7.20149e-11
-0.0017375 1.98101e-10
-0.0017365 3.98837e-10
-0.0017355 6.76729e-10
-0.0017345 1.02636e-09
-0.0017335 1.43411e-09
-0.0017325 1.87866e-09
-0.0017315 2.33242e-09
-0.0017305 2.76368e-09
-0.0017295 3.13931e-09
-0.0017285 3.42782e-09
-0.0017275 3.60251e-09
-0.0017265 3.64432e-09
-0.0017255 3.54416e-09
-0.0017245 3.30452e-09
-0.0017235 2.94003e-09
-0.0017225 2.47704e-09
-0.0017215 1.95205e-09
-0.0017205 1.40916e-09
-0.0017195 8.9677e-10
-0.0017185 4.63693e-10
-0.0017175 1.55032e-10
-0.0017165 8.21928e-12
-0.0017155 4.95252e-11
-0.0017145 2.91363e-10
-0.0017135 7.30663e-10
-0.0017125 1.34848e-09
-0.0017115 2.11092e-09
-0.0017105 2.97131e-09
-0.0017095 3.87354e-09
-0.0017085 4.75621e-09
-0.0017075 5.55739e-09
-0.0017065 6.21947e-09
-0.0017055 6.69382e-09
-0.0017045 6.94476e-09
-0.0017035 6.95258e-09
-0.0017025 6.71535e-09
-0.0017015 6.24919e-09
-0.0017005 5.58726e-09
-0.0016995 4.77719e-09
-0.0016985 3.87745e-09
-0.0016975 2.95275e-09
-0.0016965 2.06897e-09
-0.0016955 1.2879e-09
-0.0016945 6.62423e-10
-0.0016935 2.32338e-10
-0.0016925 2.13062e-11
-0.0016915 3.51233e-11
-0.0016905 2.61463e-10
-0.0016895 6.71125e-10
-0.0016885 1.22066e-09
-0.0016875 1.85618e-09
-0.0016865 2.51795e-09
-0.0016855 3.14554e-09
-0.0016845 3.68281e-09
-0.0016835 4.08266e-09
-0.0016825 4.31085e-09
-0.0016815 4.3487e-09
-0.0016805 4.19447e-09
-0.0016795 3.86326e-09
-0.0016785 3.3854e-09
-0.0016775 2.80367e-09
-0.0016765 2.16933e-09
-0.0016755 1.53761e-09
-0.0016745 9.62744e-10
-0.0016735 4.93301e-10
-0.0016725 1.67937e-10
-0.0016715 1.21288e-11
-0.0016705 3.60759e-11
-0.0016695 2.33968e-10
-0.0016685 5.84669e-10
-0.0016675 1.05375e-09
-0.0016665 1.59668e-09
-0.0016655 2.16286e-09
-0.0016645 2.7002e-09
-0.0016635 3.15977e-09
-0.0016625 3.50009e-09
-0.0016615 3.6908e-09
-0.0016605 3.71526e-09
-0.0016595 3.57193e-09
-0.0016585 3.27437e-09
-0.0016575 2.84994e-09
-0.0016565 2.33723e-09
-0.0016555 1.78253e-09
-0.0016545 1.23566e-09
-0.0016535 7.45431e-10
-0.0016525 3.55371e-10
-0.0016515 9.97983e-11
-0.0016505 8.44221e-13
-0.0016495 6.65489e-11
-0.0016485 2.90235e-10
-0.0016475 6.51201e-10
-0.0016465 1.11666e-09
-0.0016455 1.64476e-09
-0.0016445 2.18835e-09
-0.0016435 2.69925e-09
-0.0016425 3.1325e-09
-0.0016415 3.45039e-09
-0.0016405 3.62567e-09
-0.0016395 3.64391e-09
-0.0016385 3.50461e-09
-0.0016375 3.22107e-09
-0.0016365 2.81903e-09
-0.0016355 2.33416e-09
-0.0016345 1.80873e-09
-0.0016335 1.28768e-09
-0.0016325 8.14509e-10
-0.0016315 4.2733e-10
-0.0016305 1.55498e-10
-0.0016295 1.70497e-11
-0.0016285 1.72381e-11
-0.0016275 1.48266e-10
-0.0016265 3.9024e-10
-0.0016255 7.13244e-10
-0.0016245 1.08034e-09
-0.0016235 1.4512e-09
-0.0016225 1.78605e-09
-0.0016215 2.0495e-09
-0.0016205 2.21398e-09
-0.0016195 2.26237e-09
-0.0016185 2.18967e-09
-0.0016175 2.00348e-09
-0.0016165 1.72322e-09
-0.0016155 1.37833e-09
-0.0016145 1.00535e-09
-0.0016135 6.44414e-10
-0.0016125 3.35296e-10
-0.0016115 1.13511e-10
-0.0016105 6.75279e-12
-0.0016095 3.20512e-11
-0.0016085 1.93924e-10
-0.0016075 4.83697e-10
-0.0016065 8.80071e-10
-0.0016055 1.35091e-09
-0.0016045 1.85608e-09
-0.0016035 2.35109e-09
-0.0016025 2.79123e-09
-0.0016015 3.13581e-09
-0.0016005 3.35203e-09
-0.0015995 3.41833e-09
-0.0015985 3.32659e-09
-0.0015975 3.08329e-09
-0.0015965 2.70924e-09
-0.0015955 2.23801e-09
-0.0015945 1.71317e-09
-0.0015935 1.18459e-09
-0.0015925 7.04024e-10
-0.0015915 3.20496e-10
-0.0015905 7.58285e-11
-0.0015895 7.27398e-13
-0.0015885 1.11795e-10
-0.0015875 4.09749e-10
-0.0015865 8.79023e-10
-0.0015855 1.4888e-09
-0.0015845 2.19541e-09
-0.0015835 2.94589e-09
-0.0015825 3.68238e-09
-0.0015815 4.34705e-09
-0.0015805 4.88705e-09
-0.0015795 5.259e-09
-0.0015785 5.43285e-09
-0.0015775 5.39442e-09
-0.0015765 5.14672e-09
-0.0015755 4.70969e-09
-0.0015745 4.11851e-09
-0.0015735 3.42056e-09
-0.0015725 2.67129e-09
-0.0015715 1.92945e-09
-0.0015705 1.252e-09
-0.0015695 6.89152e-10
-0.0015685 2.80118e-10
-0.0015675 4.9768e-11
-0.0015665 6.62748e-12
-0.0015655 1.4234e-10
-0.0015645 4.3265e-10
-0.0015635 8.39829e-10
-0.0015625 1.31632e-09
-0.0015615 1.80925e-09
-0.0015605 2.26547e-09
-0.0015595 2.63657e-09
-0.0015585 2.88347e-09
-0.0015575 2.98015e-09
-0.0015565 2.91618e-09
-0.0015555 2.69779e-09
-0.0015545 2.34736e-09
-0.0015535 1.90147e-09
-0.0015525 1.40748e-09
-0.0015515 9.19166e-10
-0.0015505 4.91607e-10
-0.0015495 1.75955e-10
-0.0015485 1.44317e-11
-0.0015475 3.60986e-11
-0.0015465 2.53765e-10
-0.0015455 6.62345e-10
-0.0015445 1.23883e-09
-0.0015435 1.94392e-09
-0.0015425 2.72514e-09
-0.0015415 3.52127e-09
-0.0015405 4.26762e-09
-0.0015395 4.90177e-09
-0.0015385 5.36917e-09
-0.0015375 5.62823e-09
-0.0015365 5.65425e-09
-0.0015355 5.44207e-09
-0.0015345 5.00694e-09
-0.0015335 4.38363e-09
-0.0015325 3.62388e-09
-0.0015315 2.79225e-09
-0.0015305 1.96084e-09
-0.0015295 1.20323e-09
-0.0015285 5.88257e-10
-0.0015275 1.74056e-10
-0.0015265 2.9989e-12
-0.0015255 9.78808e-11
-0.0015245 4.59753e-10
-0.0015235 1.06758e-09
-0.0015225 1.87977e-09
-0.0015215 2.83744e-09
-0.0015205 3.86921e-09
-0.0015195 4.89698e-09
-0.0015185 5.84235e-09
-0.0015175 6.63308e-09
-0.0015165 7.20899e-09
-0.0015155 7.52679e-09
-0.0015145 7.56359e-09
-0.0015135 7.31854e-09
-0.0015125 6.81266e-09
-0.0015115 6.08682e-09
-0.0015105 5.19803e-09
-0.0015095 4.21442e-09
-0.0015085 3.20935e-09
-0.0015075 2.2551e-09
-0.0015065 1.41688e-09
-0.0015055 7.47387e-10
-0.0015045 2.82742e-10
-0.0015035 3.98312e-11
-0.0015025 1.54795e-11
-0.0015015 1.87415e-10
-0.0015005 5.1694e-10
-0.0014995 9.53046e-10
-0.0014985 1.43757e-09
-0.0014975 1.91092e-09
-0.0014965 2.31782e-09
-0.0014955 2.61252e-09
-0.0014945 2.76306e-09
-0.0014935 2.7541e-09
-0.0014925 2.58813e-09
-0.0014915 2.28489e-09
-0.0014905 1.87914e-09
-0.0014895 1.41689e-09
-0.0014885 9.50593e-10
-0.0014875 5.33621e-10
-0.0014865 2.14674e-10
-0.0014855 3.25989e-11
-0.0014845 1.21744e-11
-0.0014835 1.6126e-10
-0.0014825 4.69632e-10
-0.0014815 9.09643e-10
-0.0014805 1.43868e-09
-0.0014795 2.00321e-09
-0.0014785 2.54411e-09
-0.0014775 3.00269e-09
-0.0014765 3.327e-09
-0.0014755 3.47761e-09
-0.0014745 3.43253e-09
-0.0014735 3.19056e-09
-0.0014725 2.77281e-09
-0.0014715 2.2221e-09
-0.0014705 1.60027e-09
-0.0014695 9.83558e-10
-0.0014685 4.56331e-10
-0.0014675 1.03728e-10
-0.0014665 3.84207e-12
-0.0014655 2.20085e-10
-0.0014645 7.94461e-10
-0.0014635 1.74236e-09
-0.0014625 3.04939e-09
-0.0014615 4.67064e-09
-0.0014605 6.53246e-09
-0.0014595 8.5368e-09
-0.0014585 1.05677e-08
-0.0014575 1.24997e-08
-0.0014565 1.4207e-08
-0.0014555 1.55735e-08
-0.0014545 1.65019e-08
-0.0014535 1.69223e-08
-0.0014525 1.67978e-08
-0.0014515 1.61287e-08
-0.0014505 1.49533e-08
-0.0014495 1.33459e-08
-0.0014485 1.14119e-08
-0.0014475 9.28055e-09
-0.0014465 7.09552e-09
-0.0014455 5.00424e-09
-0.0014445 3.14706e-09
-0.0014435 1.64664e-09
-0.0014425 5.98765e-10
-0.0014415 6.5164e-11
-0.0014405 6.89774e-11
-0.0014395 5.932e-10
-0.0014385 1.58226e-09
-0.0014375 2.94659e-09
-0.0014365 4.56984e-09
-0.0014355 6.31811e-09
-0.0014345 8.05047e-09
-0.0014335 9.62999e-09
-0.0014325 1.09343e-08
-0.0014315 1.18646e-08
-0.0014305 1.23533e-08
-0.0014295 1.23683e-08
-0.0014285 1.19151e-08
-0.0014275 1.10348e-08
-0.0014265 9.8007e-09
-0.0014255 8.31111e-09
-0.0014245 6.68086e-09
-0.0014235 5.03161e-09
-0.0014225 3.48169e-09
-0.0014215 2.13655e-09
-0.0014205 1.0805e-09
-0.0014195 3.70406e-10
-0.0014185 3.18863e-11
-0.0014175 5.82309e-11
-0.0014165 4.12126e-10
-0.0014155 1.02995e-09
-0.0014145 1.82826e-09
-0.0014135 2.71177e-09
-0.0014125 3.58225e-09
-0.0014115 4.34744e-09
-0.0014105 4.92918e-09
-0.0014095 5.27016e-09
-0.0014085 5.33862e-09
-0.0014075 5.13066e-09
-0.0014065 4.66999e-09
-0.0014055 4.00517e-09
-0.0014045 3.2046e-09
-0.0014035 2.34979e-09
-0.0014025 1.52756e-09
-0.0014015 8.21697e-10
-0.0014005 3.05161e-10
-0.0013995 3.31935e-11
-0.0013985 3.81958e-11
-0.0013975 3.26711e-10
-0.0013965 8.788e-10
-0.0013955 1.64986e-09
-0.0013945 2.57468e-09
-0.0013935 3.57342e-09
-0.0013925 4.55887e-09
-0.0013915 5.44438e-09
-0.0013905 6.1518e-09
-0.0013895 6.6185e-09
-0.0013885 6.80315e-09
-0.0013875 6.68939e-09
-0.0013865 6.28737e-09
-0.0013855 5.63278e-09
-0.0013845 4.7836e-09
-0.0013835 3.81485e-09
-0.0013825 2.81174e-09
-0.0013815 1.86194e-09
-0.0013805 1.04761e-09
-0.0013795 4.37907e-10
-0.0013785 8.2716e-11
-0.0013775 8.1288e-12
-0.0013765 2.14087e-10
-0.0013755 6.74431e-10
-0.0013745 1.33936e-09
-0.0013735 2.14006e-09
-0.0013725 2.99516e-09
-0.0013715 3.81833e-09
-0.0013705 4.52644e-09
-0.0013695 5.0475e-09
-0.0013685 5.32761e-09
-0.0013675 5.33639e-09
-0.0013665 5.07023e-09
-0.0013655 4.55319e-09
-0.0013645 3.83535e-09
-0.0013635 2.98873e-09
-0.0013625 2.10116e-09
-0.0013615 1.26857e-09
-0.0013605 5.86432e-10
-0.0013595 1.41017e-10
-0.0013585 1.31461e-12
-0.0013575 2.12308e-10
-0.0013565 7.90216e-10
-0.0013555 1.72016e-09
-0.0013545 2.95646e-09
-0.0013535 4.42567e-09
-0.0013525 6.03197e-09
-0.0013515 7.66461e-09
-0.0013505 9.20677e-09
-0.0013495 1.05451e-08
-0.0013485 1.15789e-08
-0.0013475 1.22288e-08
-0.0013465 1.24433e-08
-0.0013455 1.22035e-08
-0.0013445 1.15249e-08
-0.0013435 1.04562e-08
-0.0013425 9.07628e-09
-0.0013415 7.48739e-09
-0.0013405 5.80759e-09
-0.0013395 4.16117e-09
-0.0013385 2.66888e-09
-0.0013375 1.43838e-09
-0.0013365 5.55811e-10
-0.0013355 7.91452e-11
-0.0013345 3.38714e-11
-0.0013335 4.11348e-10
-0.0013325 1.16994e-09
-0.0013315 2.23882e-09
-0.0013305 3.5241e-09
-0.0013295 4.91671e-09
-0.0013285 6.30145e-09
-0.0013275 7.56631e-09
-0.0013265 8.61139e-09
-0.0013255 9.35664e-09
-0.0013245 9.74781e-09
-0.0013235 9.76006e-09
-0.0013225 9.39915e-09
-0.0013215 8.69995e-09
-0.0013205 7.7227e-09
-0.0013195 6.54707e-09
-0.0013185 5.26496e-09
-0.0013175 3.97234e-09
-0.0013165 2.76106e-09
-0.0013155 1.71136e-09
-0.0013145 8.85503e-10
-0.0013135 3.23317e-10
-0.0013125 3.97932e-11
-0.0013115 2.49862e-11
-0.0013105 2.46131e-10
-0.0013095 6.51724e-10
-0.0013085 1.17715e-09
-0.0013075 1.75127e-09
-0.0013065 2.3034e-09
-0.0013055 2.76996e-09
-0.0013045 3.10023e-09
-0.0013035 3.26064e-09
-0.0013025 3.23734e-09
-0.0013015 3.0367e-09
-0.0013005 2.68388e-09
-0.0012995 2.21957e-09
-0.0012985 1.69521e-09
-0.0012975 1.16737e-09
-0.0012965 6.916e-10
-0.0012955 3.1658e-10
-0.0012945 7.90503e-11
-0.0012935 2.43102e-14
-0.0012925 8.26848e-11
-0.0012915 3.1216e-10
-0.0012905 6.57203e-10
-0.0012895 1.07362e-09
-0.0012885 1.50912e-09
-0.0012875 1.90905e-09
-0.0012865 2.22258e-09
-0.0012855 2.40857e-09
-0.0012845 2.4406e-09
-0.0012835 2.31065e-09
-0.0012825 2.031e-09
-0.0012815 1.63408e-09
-0.0012805 1.17031e-09
-0.0012795 7.03953e-10
-0.0012785 3.07464e-10
-0.0012775 5.46798e-11
-0.0012765 1.35556e-11
-0.0012755 2.3908e-10
-0.0012745 7.67049e-10
-0.0012735 1.6093e-09
-0.0012725 2.75093e-09
-0.0012715 4.14975e-09
-0.0012705 5.73824e-09
-0.0012695 7.42775e-09
-0.0012685 9.11483e-09
-0.0012675 1.0689e-08
-0.0012665 1.20417e-08
-0.0012655 1.30748e-08
-0.0012645 1.37097e-08
-0.0012635 1.38935e-08
-0.0012625 1.36049e-08
-0.0012615 1.28566e-08
-0.0012605 1.16952e-08
-0.0012595 1.01983e-08
-0.0012585 8.46957e-09
-0.0012575 6.63085e-09
-0.0012565 4.81304e-09
-0.0012555 3.14612e-09
-0.0012545 1.74903e-09
-0.0012535 7.20374e-10
-0.0012525 1.30691e-10
-0.0012515 1.68565e-11
-0.0012505 3.7921e-10
-0.0012495 1.18157e-09
-0.0012485 2.35417e-09
-0.0012475 3.7993e-09
-0.0012465 5.39913e-09
-0.0012455 7.0252e-09
-0.0012445 8.54857e-09
-0.0012435 9.85008e-09
-0.0012425 1.08296e-08
-0.0012415 1.14138e-08
-0.0012405 1.15615e-08
-0.0012395 1.12661e-08
-0.0012385 1.0556e-08
-0.0012375 9.49112e-09
-0.0012365 8.15737e-09
-0.0012355 6.65915e-09
-0.0012345 5.11025e-09
-0.0012335 3.62423e-09
-0.0012325 2.30496e-09
-0.0012315 1.23828e-09
-0.0012305 4.85283e-10
-0.0012295 7.78818e-11
-0.0012285 1.70431e-11
-0.0012275 2.73685e-10
-0.0012265 7.92216e-10
-0.0012255 1.49632e-09
-0.0012245 2.29647e-09
-0.0012235 3.09845e-09
-0.0012225 3.81222e-09
-0.0012215 4.36011e-09
-0.0012205 4.68395e-09
-0.0012195 4.75021e-09
-0.0012185 4.55283e-09
-0.0012175 4.11363e-09
-0.0012165 3.47999e-09
-0.0012155 2.72036e-09
-0.0012145 1.91775e-09
-0.0012135 1.16198e-09
-0.0012125 5.41202e-10
-0.0012115 1.33724e-10
-0.0012105 5.61969e-13
-0.0012095 1.79611e-10
-0.0012085 6.81846e-10
-0.0012075 1.48991e-09
-0.0012065 2.55922e-09
-0.0012055 3.82146e-09
-0.0012045 5.19016e-09
-0.0012035 6.5679e-09
-0.0012025 7.85447e-09
-0.0012015 8.95518e-09
-0.0012005 9.78885e-09
-0.0011995 1.02944e-08
-0.0011985 1.04359e-08
-0.0011975 1.02051e-08
-0.0011965 9.62238e-09
-0.0011955 8.73385e-09
-0.0011945 7.60775e-09
-0.0011935 6.3281e-09
-0.0011925 4.98742e-09
-0.0011915 3.67878e-09
-0.0011905 2.48801e-09
-0.0011895 1.48662e-09
-0.0011885 7.26264e-10
-0.0011875 2.34991e-10
-0.0011865 1.57486e-11
-0.0011855 4.71852e-11
-0.0011845 2.86657e-10
-0.0011835 6.75128e-10
-0.0011825 1.1435e-09
-0.0011815 1.61977e-09
-0.0011805 2.03634e-09
-0.0011795 2.33676e-09
-0.0011785 2.48142e-09
-0.0011775 2.4514e-09
-0.0011765 2.25046e-09
-0.0011755 1.90464e-09
-0.0011745 1.45976e-09
-0.0011735 9.76969e-10
-0.0011725 5.26693e-10
-0.0011715 1.81617e-10
-0.0011705 9.32528e-12
-0.0011695 6.52811e-11
-0.0011685 3.86803e-10
-0.0011675 9.88612e-10
-0.0011665 1.86038e-09
-0.0011655 2.96652e-09
-0.0011645 4.24831e-09
-0.0011635 5.62812e-09
-0.0011625 7.01549e-09
-0.0011615 8.31443e-09
-0.0011605 9.43143e-09
-0.0011595 1.02834e-08
-0.0011585 1.08047e-08
-0.0011575 1.09534e-08
-0.0011565 1.07145e-08
-0.0011555 1.01024e-08
-0.0011545 9.15936e-09
-0.0011535 7.95295e-09
-0.0011525 6.57057e-09
-0.0011515 5.11259e-09
-0.0011505 3.68435e-09
-0.0011495 2.38776e-09
-0.0011485 1.31321e-09
-0.0011475 5.32409e-10
-0.0011465 9.28832e-11
-0.0011455 1.4445e-11
-0.0011445 2.88032e-10
-0.0011435 8.76925e-10
-0.0011425 1.72024e-09
-0.0011415 2.73838e-09
-0.0011405 3.83993e-09
-0.0011395 4.92942e-09
-0.0011385 5.91524e-09
-0.0011375 6.7171e-09
-0.0011365 7.27227e-09
-0.0011355 7.54027e-09
-0.0011345 7.50543e-09
-0.0011335 7.17735e-09
-0.0011325 6.58905e-09
-0.0011315 5.79328e-09
-0.0011305 4.85709e-09
-0.0011295 3.85543e-09
-0.0011285 2.86421e-09
-0.0011275 1.95353e-09
-0.0011265 1.18171e-09
-0.0011255 5.90586e-10
-0.0011245 2.02567e-10
-0.0011235 1.95472e-11
-0.0011225 2.38831e-11
-0.0011215 1.81187e-10
-0.0011205 4.44682e-10
-0.0011195 7.60643e-10
-0.0011185 1.0744e-09
-0.0011175 1.33629e-09
-0.0011165 1.50694e-09
-0.0011155 1.5615e-09
-0.0011145 1.49216e-09
-0.0011135 1.30904e-09
-0.0011125 1.03899e-09
-0.0011115 7.22835e-10
-0.0011105 4.10887e-10
-0.0011095 1.57571e-10
-0.0011085 1.541e-11
-0.0011075 2.91063e-11
-0.0011065 2.30258e-10
-0.0011055 6.33266e-10
-0.0011045 1.23286e-09
-0.0011035 2.00352e-09
-0.0011025 2.90088e-09
-0.0011015 3.86508e-09
-0.0011005 4.82569e-09
-0.0010995 5.70795e-09
-0.0010985 6.4395e-09
-0.0010975 6.95729e-09
-0.0010965 7.21375e-09
-0.0010955 7.1818e-09
-0.0010945 6.85808e-09
-0.0010935 6.26417e-09
-0.0010925 5.4455e-09
-0.0010915 4.46812e-09
-0.0010905 3.41346e-09
-0.0010895 2.37159e-09
-0.0010885 1.43349e-09
-0.0010875 6.83065e-10
-0.0010865 1.8954e-10
-0.0010855 1.04305e-12
-0.0010845 1.39861e-10
-0.0010835 5.99908e-10
-0.0010825 1.34666e-09
-0.0010815 2.31962e-09
-0.0010805 3.43711e-09
-0.0010795 4.60314e-09
-0.0010785 5.71561e-09
-0.0010775 6.67525e-09
-0.0010765 7.39462e-09
-0.0010755 7.80611e-09
-0.0010745 7.86851e-09
-0.0010735 7.57138e-09
-0.0010725 6.93677e-09
-0.0010715 6.01821e-09
-0.0010705 4.89692e-09
-0.0010695 3.67549e-09
-0.0010685 2.46959e-09
-0.0010675 1.39839e-09
-0.0010665 5.74382e-10
-0.0010655 9.35951e-11
-0.0010645 2.69809e-11
-0.0010635 4.13709e-10
-0.0010625 1.25701e-09
-0.0010615 2.52292e-09
-0.0010605 4.14214e-09
-0.0010595 6.01476e-09
-0.0010585 8.01772e-09
-0.0010575 1.00141e-08
-0.0010565 1.18639e-08
-0.0010555 1.3435e-08
-0.0010545 1.46137e-08
-0.0010535 1.53136e-08
-0.0010525 1.54832e-08
-0.0010515 1.51093e-08
-0.0010505 1.42187e-08
-0.0010495 1.2876e-08
-0.0010485 1.11784e-08
-0.0010475 9.24801e-09
-0.0010465 7.22234e-09
-0.0010455 5.24327e-09
-0.0010445 3.44596e-09
-0.0010435 1.94839e-09
-0.0010425 8.42328e-10
-0.0010415 1.86519e-10
-0.0010405 2.70421e-12
-0.0010395 2.74649e-10
-0.0010385 9.50307e-10
-0.0010375 1.94688e-09
-0.0010365 3.15835e-09
-0.0010355 4.46471e-09
-0.0010345 5.74233e-09
-0.0010335 6.87427e-09
-0.0010325 7.75996e-09
-0.0010315 8.32324e-09
-0.0010305 8.51817e-09
-0.0010295 8.33225e-09
-0.0010285 7.78664e-09
-0.0010275 6.93353e-09
-0.0010265 5.8509e-09
-0.0010255 4.63519e-09
-0.0010245 3.39249e-09
-0.0010235 2.22908e-09
-0.0010225 1.24212e-09
-0.0010215 5.11318e-10
-0.0010205 9.22895e-11
-0.0010195 1.21081e-11
-0.0010185 2.67461e-10
-0.0010175 8.25491e-10
-0.0010165 1.62723e-09
-0.0010155 2.59325e-09
-0.0010145 3.63106e-09
-0.0010135 4.64351e-09
-0.0010125 5.53747e-09
-0.0010115 6.23204e-09
-0.0010105 6.6655e-09
-0.0010095 6.80055e-09
-0.0010085 6.62722e-09
-0.0010075 6.16334e-09
-0.0010065 5.45256e-09
-0.0010055 4.56008e-09
-0.0010045 3.56657e-09
-0.0010035 2.56072e-09
-0.0010025 1.63134e-09
-0.0010015 8.59374e-10
-0.0010005 3.10896e-10
-0.0009995 3.1423e-11
-0.0009985 4.2186e-11
-0.0009975 3.38596e-10
-0.0009965 8.91026e-10
-0.0009955 1.64781e-09
-0.0009945 2.54011e-09
-0.0009935 3.4883e-09
-0.0009925 4.4091e-09
-0.0009915 5.22295e-09
-0.0009905 5.86094e-09
-0.0009895 6.27059e-09
-0.0009885 6.42009e-09
-0.0009875 6.30056e-09
-0.0009865 5.92627e-09
-0.0009855 5.33271e-09
-0.0009845 4.57282e-09
-0.0009835 3.71173e-09
-0.0009825 2.82052e-09
-0.0009815 1.96964e-09
-0.0009805 1.22249e-09
-0.0009795 6.29885e-10
-0.0009785 2.25852e-10
-0.0009775 2.50723e-11
-0.0009765 2.22634e-11
-0.0009755 1.93477e-10
-0.0009745 4.99158e-10
-0.0009735 8.88653e-10
-0.0009725 1.3057e-09
-0.0009715 1.69437e-09
-0.0009705 2.00484e-09
-0.0009695 2.19849e-09
-0.0009685 2.25181e-09
-0.0009675 2.15865e-09
-0.0009665 1.93083e-09
-0.0009655 1.59677e-09
-0.0009645 1.19846e-09
-0.0009635 7.87092e-10
-0.0009625 4.176e-10
-0.0009615 1.42856e-10
-0.0009605 7.95985e-12
-0.0009595 4.5232e-11
-0.0009585 2.70423e-10
-0.0009575 6.80511e-10
-0.0009565 1.25334e-09
-0.0009555 1.94916e-09
-0.0009545 2.71396e-09
-0.0009535 3.48426e-09
-0.0009525 4.19305e-09
-0.0009515 4.77613e-09
-0.0009505 5.17848e-09
-0.0009495 5.35983e-09
-0.0009485 5.2991e-09
-0.0009475 4.99707e-09
-0.0009465 4.47713e-09
-0.0009455 3.78392e-09
-0.0009445 2.97995e-09
-0.0009435 2.14054e-09
-0.0009425 1.34737e-09
-0.0009415 6.8132e-10
-0.0009405 2.15206e-10
-0.0009395 7.0093e-12
-0.0009385 9.43242e-11
-0.0009375 4.90457e-10
-0.0009365 1.1826e-09
-0.0009355 2.13228e-09
-0.0009345 3.27802e-09
-0.0009335 4.54014e-09
-0.0009325 5.8271e-09
-0.0009315 7.04308e-09
-0.0009305 8.09596e-09
-0.0009295 8.90504e-09
-0.0009285 9.40791e-09
-0.0009275 9.56575e-09
-0.0009265 9.36666e-09
-0.0009255 8.8266e-09
-0.0009245 7.98807e-09
-0.0009235 6.91638e-09
-0.0009225 5.694e-09
-0.0009215 4.41345e-09
-0.0009205 3.16935e-09
-0.0009195 2.0503e-09
-0.0009185 1.13138e-09
-0.0009175 4.67915e-10
-0.0009165 9.10571e-11
-0.0009155 5.53483e-12
-0.0009145 1.89864e-10
-0.0009135 5.9892e-10
-0.0009125 1.16866e-09
-0.0009115 1.82254e-09
-0.0009105 2.47911e-09
-0.0009095 3.05995e-09
-0.0009085 3.4973e-09
-0.0009075 3.74078e-09
-0.0009065 3.76226e-09
-0.0009055 3.55875e-09
-0.0009045 3.15284e-09
-0.0009035 2.59068e-09
-0.0009025 1.93763e-09
-0.0009015 1.27202e-09
-0.0009005 6.77587e-10
-0.0008995 2.35184e-10
-0.0008985 1.46614e-11
-0.0008975 6.75854e-11
-0.0008965 4.21533e-10
-0.0008955 1.07651e-09
-0.0008945 2.0039e-09
-0.0008935 3.14801e-09
-0.0008925 4.43022e-09
-0.0008915 5.75539e-09
-0.0008905 7.01989e-09
-0.0008895 8.12075e-09
-0.0008885 8.96489e-09
-0.0008875 9.47782e-09
-0.0008865 9.61086e-09
-0.0008855 9.34629e-09
-0.0008845 8.69984e-09
-0.0008835 7.72038e-09
-0.0008825 6.48663e-09
-0.0008815 5.10124e-09
-0.0008805 3.68255e-09
-0.0008795 2.35499e-09
-0.0008785 1.23858e-09
-0.0008775 4.38682e-10
-0.0008765 3.68325e-11
-0.0008755 8.33859e-11
-0.0008745 5.92724e-10
-0.0008735 1.54143e-09
-0.0008725 2.86961e-09
-0.0008715 4.48534e-09
-0.0008705 6.27183e-09
-0.0008695 8.0967e-09
-0.0008685 9.82273e-09
-0.0008675 1.1319e-08
-0.0008665 1.24715e-08
-0.0008655 1.31927e-08
-0.0008645 1.34284e-08
-0.0008635 1.31621e-08
-0.0008625 1.24164e-08
-0.0008615 1.12506e-08
-0.0008605 9.75567e-09
-0.0008595 8.04648e-09
-0.0008585 6.2519e-09
-0.0008575 4.50392e-09
-0.0008565 2.92663e-09
-0.0008555 1.62593e-09
-0.0008545 6.80882e-10
-0.0008535 1.37603e-10
-0.0008525 5.97743e-12
-0.0008515 2.59662e-10
-0.0008505 8.39264e-10
-0.0008495 1.65843e-09
-0.0008485 2.6123e-09
-0.0008475 3.58752e-09
-0.0008465 4.47297e-09
-0.0008455 5.17024e-09
-0.0008445 5.60286e-09
-0.0008435 5.72349e-09
-0.0008425 5.51847e-09
-0.0008415 5.00922e-09
-0.0008405 4.25042e-09
-0.0008395 3.3251e-09
-0.0008385 2.33712e-09
-0.0008375 1.40159e-09
-0.0008365 6.34206e-10
-0.0008355 1.40385e-10
-0.0008345 5.17745e-12
-0.0008335 2.84875e-10
-0.0008325 1.00107e-09
-0.0008315 2.13772e-09
-0.0008305 3.64149e-09
-0.0008295 5.42539e-09
-0.0008285 7.37539e-09
-0.0008275 9.35949e-09
-0.0008265 1.12384e-08
-0.0008255 1.2877e-08
-0.0008245 1.41555e-08
-0.0008235 1.49796e-08
-0.0008225 1.5288e-08
-0.0008215 1.50578e-08
-0.0008205 1.43065e-08
-0.0008195 1.309e-08
-0.0008185 1.14987e-08
-0.0008175 9.64888e-09
-0.0008165 7.67398e-09
-0.0008155 5.71293e-09
-0.0008145 3.89893e-09
-0.0008135 2.34863e-09
-0.0008125 1.15291e-09
-0.0008115 3.69977e-10
-0.0008105 2.13896e-11
-0.0008095 9.13379e-11
-0.0008085 5.29168e-10
-0.0008075 1.25493e-09
-0.0008065 2.16738e-09
-0.0008055 3.15375e-09
-0.0008045 4.10037e-09
-0.0008035 4.90309e-09
-0.0008025 5.47675e-09
-0.0008015 5.76267e-09
-0.0008005 5.73359e-09
-0.0007995 5.3956e-09
-0.0007985 4.78698e-09
-0.0007975 3.97393e-09
-0.0007965 3.04375e-09
-0.0007955 2.09609e-09
-0.0007945 1.23305e-09
-0.0007935 5.49059e-10
-0.0007925 1.21547e-10
-0.0007915 3.2378e-12
-0.0007905 2.1678e-10
-0.0007895 7.52263e-10
-0.0007885 1.56784e-09
-0.0007875 2.5934e-09
-0.0007865 3.73704e-09
-0.0007855 4.89362e-09
-0.0007845 5.95473e-09
-0.0007835 6.8191e-09
-0.0007825 7.40245e-09
-0.0007815 7.64595e-09
-0.0007805 7.52234e-09
-0.0007795 7.03922e-09
-0.0007785 6.23911e-09
-0.0007775 5.19627e-09
-0.0007765 4.01043e-09
-0.0007755 2.7981e-09
-0.0007745 1.68209e-09
-0.0007735 7.80229e-10
-0.0007725 1.94343e-10
-0.0007715 4.26851e-13
-0.0007705 2.4099e-10
-0.0007695 9.2028e-10
-0.0007685 2.00288e-09
-0.0007675 3.41588e-09
-0.0007665 5.05447e-09
-0.0007655 6.79051e-09
-0.0007645 8.48343e-09
-0.0007635 9.9924e-09
-0.0007625 1.11888e-08
-0.0007615 1.19681e-08
-0.0007605 1.2259e-08
-0.0007595 1.20313e-08
-0.0007585 1.12988e-08
-0.0007575 1.01192e-08
-0.0007565 8.59004e-09
-0.0007555 6.84085e-09
-0.0007545 5.02269e-09
-0.0007535 3.29535e-09
-0.0007525 1.81371e-09
-0.0007515 7.14272e-10
-0.0007505 1.03066e-10
-0.0007495 4.6011e-11
-0.0007485 5.62596e-10
-0.0007475 1.62347e-09
-0.0007465 3.1522e-09
-0.0007455 5.03114e-09
-0.0007445 7.11088e-09
-0.0007435 9.22258e-09
-0.0007425 1.11921e-08
-0.0007415 1.28548e-08
-0.0007405 1.40698e-08
-0.0007395 1.47321e-08
-0.0007385 1.47822e-08
-0.0007375 1.42115e-08
-0.0007365 1.3064e-08
-0.0007355 1.14331e-08
-0.0007345 9.45426e-09
-0.0007335 7.29446e-09
-0.0007325 5.13831e-09
-0.0007315 3.17299e-09
-0.0007305 1.5727e-09
-0.0007295 4.84071e-10
-0.0007285 1.38314e-11
-0.0007275 2.19647e-10
-0.0007265 1.10502e-09
-0.0007255 2.61861e-09
-0.0007245 4.6581e-09
-0.0007235 7.07826e-09
-0.0007225 9.70245e-09
-0.0007215 1.23368e-08
-0.0007205 1.47858e-08
-0.0007195 1.68676e-08
-0.0007185 1.84287e-08
-0.0007175 1.93557e-08
-0.0007165 1.95842e-08
-0.0007155 1.91028e-08
-0.0007145 1.79539e-08
-0.0007135 1.62287e-08
-0.0007125 1.40599e-08
-0.0007115 1.16094e-08
-0.0007105 9.05525e-09
-0.0007095 6.57653e-09
-0.0007085 4.33916e-09
-0.0007075 2.48264e-09
-0.0007065 1.10955e-09
-0.0007055 2.78359e-10
-0.0007045 9.50125e-14
-0.0007035 2.39222e-10
-0.0007025 9.18434e-10
-0.0007015 1.92693e-09
-0.0007005 3.1314e-09
-0.0006995 4.38861e-09
-0.0006985 5.55861e-09
-0.0006975 6.51723e-09
-0.0006965 7.16689e-09
-0.0006955 7.44465e-09
-0.0006945 7.3271e-09
-0.0006935 6.83134e-09
-0.0006925 6.01238e-09
-0.0006915 4.95707e-09
-0.0006905 3.77516e-09
-0.0006895 2.58846e-09
-0.0006885 1.51902e-09
-0.0006875 6.77484e-10
-0.0006865 1.526e-10
-0.0006855 2.96691e-12
-0.0006845 2.51615e-10
-0.0006835 8.83968e-10
-0.0006825 1.84931e-09
-0.0006815 3.06563e-09
-0.0006805 4.42724e-09
-0.0006795 5.81468e-09
-0.0006785 7.10571e-09
-0.0006775 8.18652e-09
-0.0006765 8.96215e-09
-0.0006755 9.36505e-09
-0.0006745 9.36106e-09
-0.0006735 8.95229e-09
-0.0006725 8.17666e-09
-0.0006715 7.10411e-09
-0.0006705 5.82986e-09
-0.0006695 4.46546e-09
-0.0006685 3.12833e-09
-0.0006675 1.93085e-09
-0.0006665 9.70066e-10
-0.0006655 3.18818e-10
-0.0006645 1.9296e-11
-0.0006635 7.94883e-11
-0.0006625 4.72899e-10
-0.0006615 1.14155e-09
-0.0006605 2.00197e-09
-0.0006595 2.95359e-09
-0.0006585 3.88881e-09
-0.0006575 4.70369e-09
-0.0006565 5.30827e-09
-0.0006555 5.63569e-09
-0.0006545 5.64892e-09
-0.0006535 5.34482e-09
-0.0006525 4.75474e-09
-0.0006515 3.94195e-09
-0.0006505 2.9958e-09
-0.0006495 2.02332e-09
-0.0006485 1.13894e-09
-0.0006475 4.53339e-10
-0.0006465 6.24019e-11
-0.0006455 3.74182e-11
-0.0006445 4.17365e-10
-0.0006435 1.20411e-09
-0.0006425 2.36103e-09
-0.0006415 3.81515e-09
-0.0006405 5.46282e-09
-0.0006395 7.17832e-09
-0.0006385 8.82474e-09
-0.0006375 1.02661e-08
-0.0006365 1.13799e-08
-0.0006355 1.20681e-08
-0.0006345 1.22671e-08
-0.0006335 1.19538e-08
-0.0006325 1.1149e-08
-0.0006315 9.91604e-09
-0.0006305 8.35661e-09
-0.0006295 6.60209e-09
-0.0006285 4.80268e-09
-0.0006275 3.11441e-09
-0.0006265 1.68553e-09
-0.0006255 6.43252e-10
-0.0006245 8.22384e-11
-0.0006235 5.57968e-11
-0.0006225 5.70595e-10
-0.0006215 1.58547e-09
-0.0006205 3.01446e-09
-0.0006195 4.7339e-09
-0.0006185 6.5929e-09
-0.0006175 8.42653e-09
-0.0006165 1.00703e-08
-0.0006155 1.13749e-08
-0.0006145 1.22199e-08
-0.0006135 1.25248e-08
-0.0006125 1.22571e-08
-0.0006115 1.1436e-08
-0.0006105 1.01315e-08
-0.0006095 8.45932e-09
-0.0006085 6.57149e-09
-0.0006075 4.64346e-09
-0.0006065 2.85921e-09
-0.0006055 1.39524e-09
-0.0006045 4.04914e-10
-0.0006035 4.58702e-12
-0.0006025 2.62741e-10
-0.0006015 1.19304e-09
-0.0006005 2.75205e-09
-0.0005995 4.84175e-09
-0.0005985 7.31689e-09
-0.0005975 9.99633e-09
-0.0005965 1.26777e-08
-0.0005955 1.51541e-08
-0.0005945 1.72311e-08
-0.0005935 1.87433e-08
-0.0005925 1.95681e-08
-0.0005915 1.96369e-08
-0.0005905 1.89404e-08
-0.0005895 1.75308e-08
-0.0005885 1.55173e-08
-0.0005875 1.30576e-08
-0.0005865 1.03457e-08
-0.0005855 7.59543e-09
-0.0005845 5.02382e-09
-0.0005835 2.83294e-09
-0.0005825 1.1937e-09
-0.0005815 2.32021e-10
-0.0005805 1.8798e-11
-0.0005795 5.64429e-10
-0.0005785 1.81838e-09
-0.0005775 3.67377e-09
-0.0005765 5.97657e-09
-0.0005755 8.53857e-09
-0.0005745 1.11531e-08
-0.0005735 1.36119e-08
-0.0005725 1.57222e-08
-0.0005715 1.7322e-08
-0.0005705 1.82924e-08
-0.0005695 1.85666e-08
-0.0005685 1.81338e-08
-0.0005675 1.70391e-08
-0.0005665 1.53774e-08
-0.0005655 1.3285e-08
-0.0005645 1.09262e-08
-0.0005635 8.47892e-09
-0.0005625 6.1194e-09
-0.0005615 4.00708e-09
-0.0005605 2.27177e-09
-0.0005595 1.00374e-09
-0.0005585 2.47509e-10
-0.0005575 3.44787e-14
-0.0005565 2.13173e-10
-0.0005555 8.002e-10
-0.0005545 1.64567e-09
-0.0005535 2.61763e-09
-0.0005525 3.58108e-09
-0.0005515 4.4113e-09
-0.0005505 5.0059e-09
-0.0005495 5.29444e-09
-0.0005485 5.24477e-09
-0.0005475 4.86551e-09
-0.0005465 4.20448e-09
-0.0005455 3.34333e-09
-0.0005445 2.38886e-09
-0.0005435 1.46185e-09
-0.0005425 6.84574e-10
-0.0005415 1.68181e-10
-0.0005405 1.05231e-12
-0.0005395 2.39392e-10
-0.0005385 9.00871e-10
-0.0005375 1.96196e-09
-0.0005365 3.35925e-09
-0.0005355 4.99457e-09
-0.0005345 6.74358e-09
-0.0005335 8.4669e-09
-0.0005325 1.00228e-08
-0.0005315 1.12804e-08
-0.0005305 1.21317e-08
-0.0005295 1.2502e-08
-0.0005285 1.23569e-08
-0.0005275 1.17064e-08
-0.0005265 1.06035e-08
-0.0005255 9.14073e-09
-0.0005245 7.44102e-09
-0.0005235 5.64732e-09
-0.0005225 3.90933e-09
-0.0005215 2.36999e-09
-0.0005205 1.15233e-09
-0.0005195 3.48267e-10
-0.0005185 1.01903e-11
-0.0005175 1.46271e-10
-0.0005165 7.19891e-10
-0.0005155 1.65332e-09
-0.0005145 2.8353e-09
-0.0005135 4.13193e-09
-0.0005125 5.39969e-09
-0.0005115 6.4996e-09
-0.0005105 7.31104e-09
-0.0005095 7.74397e-09
-0.0005085 7.74829e-09
-0.0005075 7.3196e-09
-0.0005065 6.50047e-09
-0.0005055 5.37726e-09
-0.0005045 4.07263e-09
-0.0005035 2.73432e-09
-0.0005025 1.52123e-09
-0.0005015 5.8807e-10
-0.0005005 6.99969e-11
-0.0004995 6.86271e-11
-0.0004985 6.40861e-10
-0.0004975 1.79158e-09
-0.0004965 3.47102e-09
-0.0004955 5.57718e-09
-0.0004945 7.96324e-09
-0.0004935 1.04493e-08
-0.0004925 1.28376e-08
-0.0004915 1.493e-08
-0.0004905 1.6546e-08
-0.0004895 1.75396e-08
-0.0004885 1.78139e-08
-0.0004875 1.73314e-08
-0.0004865 1.61198e-08
-0.0004855 1.42717e-08
-0.0004845 1.19385e-08
-0.0004835 9.31927e-09
-0.0004825 6.64497e-09
-0.0004815 4.15914e-09
-0.0004805 2.09722e-09
-0.0004795 6.65865e-10
-0.0004785 2.42758e-11
-0.0004775 2.69079e-10
-0.0004765 1.42429e-09
-0.0004755 3.43725e-09
-0.0004745 6.18111e-09
-0.0004735 9.46371e-09
-0.0004725 1.30422e-08
-0.0004715 1.66426e-08
-0.0004705 1.99818e-08
-0.0004695 2.27918e-08
-0.0004685 2.48419e-08
-0.0004675 2.59593e-08
-0.0004665 2.60447e-08
-0.0004655 2.50817e-08
-0.0004645 2.31397e-08
-0.0004635 2.03697e-08
-0.0004625 1.69931e-08
-0.0004615 1.32839e-08
-0.0004605 9.54745e-09
-0.0004595 6.09479e-09
-0.0004585 3.21746e-09
-0.0004575 1.16296e-09
-0.0004565 1.1378e-10
-0.0004555 1.71742e-10
-0.0004545 1.34879e-09
-0.0004535 3.56526e-09
-0.0004525 6.65575e-09
-0.0004515 1.03821e-08
-0.0004505 1.44527e-08
-0.0004495 1.8546e-08
-0.0004485 2.23369e-08
-0.0004475 2.55234e-08
-0.0004465 2.78514e-08
-0.0004455 2.91357e-08
-0.0004445 2.92751e-08
-0.0004435 2.82603e-08
-0.0004425 2.61749e-08
-0.0004415 2.31879e-08
-0.0004405 1.95394e-08
-0.0004395 1.55203e-08
-0.0004385 1.14481e-08
-0.0004375 7.64016e-09
-0.0004365 4.38752e-09
-0.0004355 1.93081e-09
-0.0004345 4.40728e-10
-0.0004335 4.46794e-12
-0.0004325 6.19413e-10
-0.0004315 2.19444e-09
-0.0004305 4.5588e-09
-0.0004295 7.47768e-09
-0.0004285 1.06731e-08
-0.0004275 1.38485e-08
-0.0004265 1.67143e-08
-0.0004255 1.90132e-08
-0.0004245 2.05418e-08
-0.0004235 2.1168e-08
-0.0004225 2.08413e-08
-0.0004215 1.95968e-08
-0.0004205 1.75507e-08
-0.0004195 1.48892e-08
-0.0004185 1.18519e-08
-0.0004175 8.70903e-09
-0.0004165 5.73811e-09
-0.0004155 3.19857e-09
-0.0004145 1.30895e-09
-0.0004135 2.27599e-10
-0.0004125 3.8965e-11
-0.0004115 7.46442e-10
-0.0004105 2.27256e-09
-0.0004095 4.46639e-09
-0.0004085 7.11749e-09
-0.0004075 9.97517e-09
-0.0004065 1.27713e-08
-0.0004055 1.52446e-08
-0.0004045 1.71645e-08
-0.0004035 1.83519e-08
-0.0004025 1.86955e-08
-0.0004015 1.81621e-08
-0.0004005 1.67997e-08
-0.0003995 1.47335e-08
-0.0003985 1.21551e-08
-0.0003975 9.30477e-09
-0.0003965 6.45103e-09
-0.0003955 3.86588e-09
-0.0003945 1.8007e-09
-0.0003935 4.63503e-10
-0.0003925 6.24079e-15
-0.0003915 4.80162e-10
-0.0003905 1.89134e-09
-0.0003895 4.13878e-09
-0.0003885 7.05332e-09
-0.0003875 1.04057e-08
-0.0003865 1.3926e-08
-0.0003855 1.73273e-08
-0.0003845 2.033e-08
-0.0003835 2.26863e-08
-0.0003825 2.42015e-08
-0.0003815 2.47508e-08
-0.0003805 2.42902e-08
-0.0003795 2.28598e-08
-0.0003785 2.058e-08
-0.0003775 1.76414e-08
-0.0003765 1.4287e-08
-0.0003755 1.07916e-08
-0.0003745 7.43726e-09
-0.0003735 4.48899e-09
-0.0003725 2.17156e-09
-0.0003715 6.50366e-10
-0.0003705 1.75139e-11
-0.0003695 2.84551e-10
-0.0003685 1.38243e-09
-0.0003675 3.1687e-09
-0.0003665 5.44125e-09
-0.0003655 7.95741e-09
-0.0003645 1.04566e-08
-0.0003635 1.26845e-08
-0.0003625 1.44167e-08
-0.0003615 1.54795e-08
-0.0003605 1.57662e-08
-0.0003595 1.52468e-08
-0.0003585 1.39714e-08
-0.0003575 1.20658e-08
-0.0003565 9.72028e-09
-0.0003555 7.17218e-09
-0.0003545 4.68448e-09
-0.0003535 2.52157e-09
-0.0003525 9.24753e-10
-0.0003515 8.96392e-11
-0.0003505 1.47462e-10
-0.0003495 1.15198e-09
-0.0003485 3.07325e-09
-0.0003475 5.79873e-09
-0.0003465 9.14192e-09
-0.0003455 1.28575e-08
-0.0003445 1.66619e-08
-0.0003435 2.02574e-08
-0.0003425 2.33577e-08
-0.0003415 2.57128e-08
-0.0003405 2.71306e-08
-0.0003395 2.74938e-08
-0.0003385 2.67704e-08
-0.0003375 2.5017e-08
-0.0003365 2.23736e-08
-0.0003355 1.90527e-08
-0.0003345 1.53206e-08
-0.0003335 1.1475e-08
-0.0003325 7.81952e-09
-0.0003315 4.63806e-09
-0.0003305 2.1706e-09
-0.0003295 5.93204e-10
-0.0003285 3.55497e-12
-0.0003275 4.13417e-10
-0.0003265 1.74862e-09
-0.0003255 3.85655e-09
-0.0003245 6.52046e-09
-0.0003235 9.47925e-09
-0.0003225 1.2451e-08
-0.0003215 1.51582e-08
-0.0003205 1.7352e-08
-0.0003195 1.88343e-08
-0.0003185 1.94744e-08
-0.0003175 1.92199e-08
-0.0003165 1.81006e-08
-0.0003155 1.62242e-08
-0.0003145 1.37661e-08
-0.0003135 1.09522e-08
-0.0003125 8.03819e-09
-0.0003115 5.28522e-09
-0.0003105 2.93648e-09
-0.0003095 1.19474e-09
-0.0003085 2.04236e-10
-0.0003075 3.78776e-11
-0.0003065 6.91222e-10
-0.0003055 2.0836e-09
-0.0003045 4.06628e-09
-0.0003035 6.43695e-09
-0.0003025 8.95902e-09
-0.0003015 1.13841e-08
-0.0003005 1.34755e-08
-0.0002995 1.50304e-08
-0.0002985 1.58989e-08
-0.0002975 1.5998e-08
-0.0002965 1.53195e-08
-0.0002955 1.393e-08
-0.0002945 1.19651e-08
-0.0002935 9.61603e-09
-0.0002925 7.11119e-09
-0.0002915 4.69457e-09
-0.0002905 2.60212e-09
-0.0002895 1.03904e-09
-0.0002885 1.59826e-10
-0.0002875 5.31076e-11
-0.0002865 7.32651e-10
-0.0002855 2.13551e-09
-0.0002845 4.12749e-09
-0.0002835 6.5156e-09
-0.0002825 9.06621e-09
-0.0002815 1.15274e-08
-0.0002805 1.36533e-08
-0.0002795 1.52286e-08
-0.0002785 1.60896e-08
-0.0002775 1.6142e-08
-0.0002765 1.5371e-08
-0.0002755 1.3845e-08
-0.0002745 1.17108e-08
-0.0002735 9.18156e-09
-0.0002725 6.51785e-09
-0.0002715 4.00397e-09
-0.0002705 1.92132e-09
-0.0002695 5.21337e-10
-0.0002685 5.61672e-13
-0.0002675 4.80213e-10
-0.0002665 1.9922e-09
-0.0002655 4.47312e-09
-0.0002645 7.76688e-09
-0.0002635 1.1636e-08
-0.0002625 1.5781e-08
-0.0002615 1.98654e-08
-0.0002605 2.35455e-08
-0.0002595 2.65015e-08
-0.0002585 2.84671e-08
-0.0002575 2.92553e-08
-0.0002565 2.8778e-08
-0.0002555 2.70565e-08
-0.0002545 2.42236e-08
-0.0002535 2.05147e-08
-0.0002525 1.62505e-08
-0.0002515 1.18106e-08
-0.0002505 7.60254e-09
-0.0002495 4.02639e-09
-0.0002485 1.43968e-09
-0.0002475 1.25153e-10
-0.0002465 2.64212e-10
-0.0002455 1.91862e-09
-0.0002445 5.02218e-09
-0.0002435 9.38332e-09
-0.0002425 1.46986e-08
-0.0002415 2.0576e-08
-0.0002405 2.65666e-08
-0.0002395 3.22014e-08
-0.0002385 3.70307e-08
-0.0002375 4.06622e-08
-0.0002365 4.27955e-08
-0.0002355 4.32483e-08
-0.0002345 4.19734e-08
-0.0002335 3.90645e-08
-0.0002325 3.47499e-08
-0.0002315 2.93746e-08
-0.0002305 2.33722e-08
-0.0002295 1.72292e-08
-0.0002285 1.14447e-08
-0.0002275 6.48758e-09
-0.0002265 2.7577e-09
-0.0002255 5.51207e-10
-0.0002245 3.53484e-11
-0.0002235 1.23398e-09
-0.0002225 4.0253e-09
-0.0002215 8.15214e-09
-0.0002205 1.32439e-08
-0.0002195 1.88484e-08
-0.0002185 2.44707e-08
-0.0002175 2.96162e-08
-0.0002165 3.3833e-08
-0.0002155 3.67514e-08
-0.0002145 3.81161e-08
-0.0002135 3.78081e-08
-0.0002125 3.58555e-08
-0.0002115 3.24305e-08
-0.0002105 2.78346e-08
-0.0002095 2.24723e-08
-0.0002085 1.68148e-08
-0.0002075 1.13594e-08
-0.0002065 6.58471e-09
-0.0002055 2.90913e-09
-0.0002045 6.53166e-10
-0.0002035 1.12749e-11
-0.0002025 1.0344e-09
-0.0002015 3.62534e-09
-0.0002005 7.54724e-09
-0.0001995 1.24446e-08
-0.0001985 1.78747e-08
-0.0001975 2.33472e-08
-0.0001965 2.8368e-08
-0.0001955 3.24834e-08
-0.0001945 3.53208e-08
-0.0001935 3.66225e-08
-0.0001925 3.62693e-08
-0.0001915 3.42913e-08
-0.0001905 3.08658e-08
-0.0001895 2.63016e-08
-0.0001885 2.10118e-08
-0.0001875 1.54763e-08
-0.0001865 1.01988e-08
-0.0001855 5.66122e-09
-0.0001845 2.27958e-09
-0.0001835 3.65887e-10
-0.0001825 9.90813e-11
-0.0001815 1.50798e-09
-0.0001805 4.46771e-09
-0.0001795 8.71017e-09
-0.0001785 1.38476e-08
-0.0001775 1.94074e-08
-0.0001765 2.48747e-08
-0.0001755 2.97399e-08
-0.0001745 3.35453e-08
-0.0001735 3.59283e-08
-0.0001725 3.6656e-08
-0.0001715 3.56483e-08
-0.0001705 3.29877e-08
-0.0001695 2.89138e-08
-0.0001685 2.3804e-08
-0.0001675 1.81405e-08
-0.0001665 1.24682e-08
-0.0001655 7.34553e-09
-0.0001645 3.2934e-09
-0.0001635 7.47024e-10
-0.0001625 1.44053e-11
-0.0001615 1.24586e-09
-0.0001605 4.41722e-09
-0.0001595 9.32857e-09
-0.0001585 1.56188e-08
-0.0001575 2.27949e-08
-0.0001565 3.02738e-08
-0.0001555 3.74324e-08
-0.0001545 4.36632e-08
-0.0001535 4.84278e-08
-0.0001525 5.13065e-08
-0.0001515 5.20374e-08
-0.0001505 5.05417e-08
-0.0001495 4.69338e-08
-0.0001485 4.15136e-08
-0.0001475 3.47422e-08
-0.0001465 2.72031e-08
-0.0001455 1.9552e-08
-0.0001445 1.24589e-08
-0.0001435 6.5486e-09
-0.0001425 2.34432e-09
-0.0001415 2.19888e-10
-0.0001405 3.64431e-10
-0.0001395 2.76348e-09
-0.0001385 7.19812e-09
-0.0001375 1.32626e-08
-0.0001365 2.03994e-08
-0.0001355 2.7948e-08
-0.0001345 3.52043e-08
-0.0001335 4.14851e-08
-0.0001325 4.61908e-08
-0.0001315 4.88629e-08
-0.0001305 4.92284e-08
-0.0001295 4.72292e-08
-0.0001285 4.30315e-08
-0.0001275 3.70159e-08
-0.0001265 2.97465e-08
-0.0001255 2.19242e-08
-0.0001245 1.43251e-08
-0.0001235 7.7309e-09
-0.0001225 2.85819e-09
-0.0001215 2.90488e-10
-0.0001205 4.21524e-10
-0.0001195 3.41399e-09
-0.0001185 9.17806e-09
-0.0001175 1.7372e-08
-0.0001165 2.74257e-08
-0.0001155 3.85843e-08
-0.0001145 4.99709e-08
-0.0001135 6.06605e-08
-0.0001125 6.976e-08
-0.0001115 7.64889e-08
-0.0001105 8.02497e-08
-0.0001095 8.06861e-08
-0.0001085 7.77197e-08
-0.0001075 7.15637e-08
-0.0001065 6.27114e-08
-0.0001055 5.18993e-08
-0.0001045 4.00483e-08
-0.0001035 2.81877e-08
-0.0001025 1.73667e-08
-0.0001015 8.56421e-09
-0.0001005 2.60089e-09
-9.95e-05 6.46002e-11
-9.85e-05 1.25409e-09
-9.75e-05 6.14709e-09
-9.65e-05 1.43959e-08
-9.55e-05 2.53517e-08
-9.45e-05 3.81155e-08
-9.35e-05 5.16129e-08
-9.25e-05 6.46851e-08
-9.15e-05 7.61897e-08
-9.05e-05 8.51026e-08
-8.95e-05 9.06109e-08
-8.85e-05 9.21898e-08
-8.75e-05 8.96554e-08
-8.65e-05 8.31889e-08
-8.55e-05 7.33288e-08
-8.45e-05 6.09314e-08
-8.35e-05 4.71025e-08
-8.25e-05 3.31051e-08
-8.15e-05 2.02514e-08
-8.05e-05 9.78739e-09
-7.95e-05 2.78082e-09
-7.85e-05 2.21033e-11
-7.75e-05 1.94707e-09
-7.65e-05 8.58918e-09
-7.55e-05 1.9566e-08
-7.45e-05 3.4102e-08
-7.35e-05 5.10866e-08
-7.25e-05 6.9163e-08
-7.15e-05 8.68417e-08
-7.05e-05 1.02628e-07
-6.95e-05 1.15152e-07
-6.85e-05 1.23297e-07
-6.75e-05 1.26299e-07
-6.65e-05 1.23828e-07
-6.55e-05 1.16027e-07
-6.45e-05 1.03513e-07
-6.35e-05 8.7334e-08
-6.25e-05 6.88921e-08
-6.15e-05 4.98262e-08
-6.05e-05 3.1876e-08
-5.95e-05 1.67307e-08
-5.85e-05 5.87812e-09
-5.75e-05 4.67503e-10
-5.65e-05 1.19756e-09
-5.55e-05 8.24104e-09
-5.45e-05 2.12134e-08
-5.35e-05 3.91895e-08
-5.25e-05 6.07692e-08
-5.15e-05 8.41864e-08
-5.05e-05 1.07455e-07
-4.95e-05 1.28538e-07
-4.85e-05 1.45532e-07
-4.75e-05 1.56837e-07
-4.65e-05 1.6132e-07
-4.55e-05 1.58428e-07
-4.45e-05 1.48271e-07
-4.35e-05 1.31633e-07
-4.25e-05 1.0994e-07
-4.15e-05 8.51591e-08
-4.05e-05 5.96493e-08
-3.95e-05 3.59737e-08
-3.85e-05 1.66811e-08
-3.75e-05 4.08026e-09
-3.65e-05 2.35895e-11
-3.55e-05 5.7197e-09
-3.45e-05 2.15918e-08
-3.35e-05 4.71965e-08
-3.25e-05 8.12125e-08
-3.15e-05 1.21505e-07
-3.05e-05 1.65261e-07
-2.95e-05 2.09193e-07
-2.85e-05 2.49793e-07
-2.75e-05 2.83622e-07
-2.65e-05 3.07613e-07
-2.55e-05 3.19358e-07
-2.45e-05 3.17366e-07
-2.35e-05 3.01264e-07
-2.25e-05 2.71915e-07
-2.15e-05 2.31454e-07
-2.05e-05 1.83224e-07
-1.95e-05 1.31617e-07
-1.85e-05 8.18226e-08
-1.75e-05 3.95044e-08
-1.65e-05 1.04188e-08
-1.55e-05 7.10915e-12
-1.45e-05 1.2985e-08
-1.35e-05 5.29617e-08
-1.25e-05 1.22116e-07
-1.15e-05 2.20956e-07
-1.05e-05 3.48179e-07
-9.5e-06 5.00649e-07
-8.5e-06 6.73499e-07
-7.5e-06 8.60344e-07
-6.5e-06 1.05361e-06
-5.5e-06 1.24493e-06
-4.5e-06 1.42565e-06
-3.5e-06 1.5873e-06
-2.5e-06 1.72211e-06
-1.5e-06 1.82349e-06
-5e-07 1.88642e-06
5e-07 1.90776e-06
1.5e-06 1.88642e-06
2.5e-06 1.82349e-06
3.5e-06 1.72211e-06
4.5e-06 1.5873e-06
5.5e-06 1.42565e-06
6.5e-06 1.24493e-06
7.5e-06 1.05361e-06
8.5e-06 8.60344e-07
9.5e-06 6.73499e-07
1.05e-05 5.00649e-07
1.15e-05 3.48179e-07
1.25e-05 2.20956e-07
1.35e-05 1.22116e-07
1.45e-05 5.29617e-08
1.55e-05 1.2985e-08
1.65e-05 7.10915e-12
1.75e-05 1.04188e-08
1.85e-05 3.95044e-08
1.95e-05 8.18226e-08
2.05e-05 1.31617e-07
2.15e-05 1.83224e-07
2.25e-05 2.31454e-07
2.35e-05 2.71915e-07
2.45e-05 3.01264e-07
2.55e-05 3.17366e-07
2.65e-05 3.19358e-07
2.75e-05 3.07613e-07
2.85e-05 2.83622e-07
2.95e-05 2.49793e-07
3.05e-05 2.09193e-07
3.15e-05 1.65261e-07
3.25e-05 1.21505e-07
3.35e-05 8.12125e-08
3.45e-05 4.71965e-08
3.55e-05 2.15918e-08
3.65e-05 5.7197e-09
3.75e-05 2.35895e-11
3.85e-05 4.08026e-09
3.95e-05 1.66811e-08
4.05e-05 3.59737e-08
4.15e-05 5.96493e-08
4.25e-05 8.51591e-08
4.35e-05 1.0994e-07
4.45e-05 1.31633e-07
4.55e-05 1.48271e-07
4.65e-05 1.58428e-07
4.75e-05 1.6132e-07
4.85e-05 1.56837e-07
4.95e-05 1.45532e-07
5.05e-05 1.28538e-07
5.15e-05 1.07455e-07
5.25e-05 8.41864e-08
5.35e-05 6.07692e-08
5.45e-05 3.91895e-08
5.55e-05 2.12134e-08
5.65e-05 8.24104e-09
5.75e-05 1.19756e-09
5.85e-05 4.67503e-10
5.95e-05 5.87812e-09
6.05e-05 1.67307e-08
6.15e-05 3.1876e-08
6.25e-05 4.98262e-08
6.35e-05 6.88921e-08
6.45e-05 8.7334e-08
6.55e-05 1.03513e-07
6.65e-05 1.16027e-07
6.75e-05 1.23828e-07
6.85e-05 1.26299e-07
6.95e-05 1.23297e-07
7.05e-05 1.15152e-07
7.15e-05 1.02628e-07
7.25e-05 8.68417e-08
7.35e-05 6.9163e-08
7.45e-05 5.10866e-08
7.55e-05 3.4102e-08
7.65e-05 1.9566e-08
7.75e-05 8.58918e-09
7.85e-05 1.94707e-09
7.95e-05 2.21033e-11
8.05e-05 2.78082e-09
8.15e-05 9.78739e-09
8.25e-05 2.02514e-08
8.35e-05 3.31051e-08
8.45e-05 4.71025e-08
8.55e-05 6.09314e-08
8.65e-05 7.33288e-08
8.75e-05 8.31889e-08
8.85e-05 8.96554e-08
8.95e-05 9.21898e-08
9.05e-05 9.06109e-08
9.15e-05 8.51026e-08
9.25e-05 7.61897e-08
9.35e-05 6.46851e-08
9.45e-05 5.16129e-08
9.55e-05 3.81155e-08
9.65e-05 2.53517e-08
9.75e-05 1.43959e-08
9.85e-05 6.14709e-09
9.95e-05 1.25409e-09
0.0001005 6.46002e-11
0.0001015 2.60089e-09
0.0001025 8.56421e-09
0.0001035 1.73667e-08
0.0001045 2.81877e-08
0.0001055 4.00483e-08
0.0001065 5.18993e-08
0.0001075 6.27114e-08
0.0001085 7.15637e-08
0.0001095 7.77197e-08
0.0001105 8.06861e-08
0.0001115 8.02497e-08
0.0001125 7.64889e-08
0.0001135 6.976e-08
0.0001145 6.06605e-08
0.0001155 4.99709e-08
0.0001165 3.85843e-08
0.0001175 2.74257e-08
0.0001185 1.7372e-08
0.0001195 9.17806e-09
0.0001205 3.41399e-09
0.0001215 4.21524e-10
0.0001225 2.90488e-10
0.0001235 2.85819e-09
0.0001245 7.7309e-09
0.0001255 1.43251e-08
0.0001265 2.19242e-08
0.0001275 2.97465e-08
0.0001285 3.70159e-08
0.0001295 4.30315e-08
0.0001305 4.72292e-08
0.0001315 4.92284e-08
0.0001325 4.88629e-08
0.0001335 4.61908e-08
0.0001345 4.14851e-08
0.0001355 3.52043e-08
0.0001365 2.7948e-08
0.0001375 2.03994e-08
0.0001385 1.32626e-08
0.0001395 7.19812e-09
0.0001405 2.76348e-09
0.0001415 3.64431e-10
0.0001425 2.19888e-10
0.0001435 2.34432e-09
0.0001445 6.5486e-09
0.0001455 1.24589e-08
0.0001465 1.9552e-08
0.0001475 2.72031e-08
0.0001485 3.47422e-08
0.0001495 4.15136e-08
0.0001505 4.69338e-08
0.0001515 5.05417e-08
0.0001525 5.20374e-08
0.0001535 5.13065e-08
0.0001545 4.84278e-08
0.0001555 4.36632e-08
0.0001565 3.74324e-08
0.0001575 3.02738e-08
0.0001585 2.27949e-08
0.0001595 1.56188e-08
0.0001605 9.32857e-09
0.0001615 4.41722e-09
0.0001625 1.24586e-09
0.0001635 1.44053e-11
0.0001645 7.47024e-10
0.0001655 3.2934e-09
0.0001665 7.34553e-09
0.0001675 1.24682e-08
0.0001685 1.81405e-08
0.0001695 2.3804e-08
0.0001705 2.89138e-08
0.0001715 3.29877e-08
0.0001725 3.56483e-08
0.0001735 3.6656e-08
0.0001745 3.59283e-08
0.0001755 3.35453e-08
0.0001765 2.97399e-08
0.0001775 2.48747e-08
0.0001785 1.94074e-08
0.0001795 1.38476e-08
0.0001805 8.71017e-09
0.0001815 4.46771e-09
0.0001825 1.50798e-09
0.0001835 9.90813e-11
0.0001845 3.65887e-10
0.0001855 2.27958e-09
0.0001865 5.66122e-09
0.0001875 1.01988e-08
0.0001885 1.54763e-08
0.0001895 2.10118e-08
0.0001905 2.63016e-08
0.0001915 3.08658e-08
0.0001925 3.42913e-08
0.0001935 3.62693e-08
0.0001945 3.66225e-08
0.0001955 3.53208e-08
0.0001965 3.24834e-08
0.0001975 2.8368e-08
0.0001985 2.33472e-08
0.0001995 1.78747e-08
0.0002005 1.24446e-08
0.0002015 7.54724e-09
0.0002025 3.62534e-09
0.0002035 1.0344e-09
0.0002045 1.12749e-11
0.0002055 6.53166e-10
0.0002065 2.90913e-09
0.0002075 6.58471e-09
0.0002085 1.13594e-08
0.0002095 1.68148e-08
0.0002105 2.24723e-08
0.0002115 2.78346e-08
0.0002125 3.24305e-08
0.0002135 3.58555e-08
0.0002145 3.78081e-08
0.0002155 3.81161e-08
0.0002165 3.67514e-08
0.0002175 3.3833e-08
0.0002185 2.96162e-08
0.0002195 2.44707e-08
0.0002205 1.88484e-08
0.0002215 1.32439e-08
0.0002225 8.15214e-09
0.0002235 4.0253e-09
0.0002245 1.23398e-09
0.0002255 3.53484e-11
0.0002265 5.51207e-10
0.0002275 2.7577e-09
0.0002285 6.48758e-09
0.0002295 1.14447e-08
0.0002305 1.72292e-08
0.0002315 2.33722e-08
0.0002325 2.93746e-08
0.0002335 3.47499e-08
0.0002345 3.90645e-08
0.0002355 4.19734e-08
0.0002365 4.32483e-08
0.0002375 4.27955e-08
0.0002385 4.06622e-08
0.0002395 3.70307e-08
0.0002405 3.22014e-08
0.0002415 2.65666e-08
0.0002425 2.0576e-08
0.0002435 1.46986e-08
0.0002445 9.38332e-09
0.0002455 5.02218e-09
0.0002465 1.91862e-09
0.0002475 2.64212e-10
0.0002485 1.25153e-10
0.0002495 1.43968e-09
0.0002505 4.02639e-09
0.0002515 7.60254e-09
0.0002525 1.18106e-08
0.0002535 1.62505e-08
0.0002545 2.05147e-08
0.0002555 2.42236e-08
0.0002565 2.70565e-08
0.0002575 2.8778e-08
0.0002585 2.92553e-08
0.0002595 2.84671e-08
0.0002605 2.65015e-08
0.0002615 2.35455e-08
0.0002625 1.98654e-08
0.0002635 1.5781e-08
0.0002645 1.1636e-08
0.0002655 7.76688e-09
0.0002665 4.47312e-09
0.0002675 1.9922e-09
0.0002685 4.80213e-10
0.0002695 5.61673e-13
0.0002705 5.21337e-10
0.0002715 1.92132e-09
0.0002725 4.00397e-09
0.0002735 6.51785e-09
0.0002745 9.18156e-09
0.0002755 1.17108e-08
0.0002765 1.3845e-08
0.0002775 1.5371e-08
0.0002785 1.6142e-08
0.0002795 1.60896e-08
0.0002805 1.52286e-08
0.0002815 1.36533e-08
0.0002825 1.15274e-08
0.0002835 9.06621e-09
0.0002845 6.5156e-09
0.0002855 4.12749e-09
0.0002865 2.13551e-09
0.0002875 7.32652e-10
0.0002885 5.31076e-11
0.0002895 1.59826e-10
0.0002905 1.03904e-09
0.0002915 2.60212e-09
0.0002925 4.69457e-09
0.0002935 7.11119e-09
0.0002945 9.61603e-09
0.0002955 1.19651e-08
0.0002965 1.393e-08
0.0002975 1.53195e-08
0.0002985 1.5998e-08
0.0002995 1.58989e-08
0.0003005 1.50304e-08
0.0003015 1.34755e-08
0.0003025 1.13841e-08
0.0003035 8.95902e-09
0.0003045 6.43695e-09
0.0003055 4.06628e-09
0.0003065 2.0836e-09
0.0003075 6.91222e-10
0.0003085 3.78776e-11
0.0003095 2.04236e-10
0.0003105 1.19474e-09
0.0003115 2.93648e-09
0.0003125 5.28522e-09
0.0003135 8.03819e-09
0.0003145 1.09522e-08
0.0003155 1.37661e-08
0.0003165 1.62242e-08
0.0003175 1.81006e-08
0.0003185 1.92199e-08
0.0003195 1.94744e-08
0.0003205 1.88343e-08
0.0003215 1.7352e-08
0.0003225 1.51582e-08
0.0003235 1.2451e-08
0.0003245 9.47925e-09
0.0003255 6.52046e-09
0.0003265 3.85655e-09
0.0003275 1.74862e-09
0.0003285 4.13417e-10
0.0003295 3.55497e-12
0.0003305 5.93204e-10
0.0003315 2.1706e-09
0.0003325 4.63806e-09
0.0003335 7.81952e-09
0.0003345 1.1475e-08
0.0003355 1.53206e-08
0.0003365 1.90527e-08
0.0003375 2.23736e-08
0.0003385 2.5017e-08
0.0003395 2.67704e-08
0.0003405 2.74938e-08
0.0003415 2.71306e-08
0.0003425 2.57128e-08
0.0003435 2.33577e-08
0.0003445 2.02574e-08
0.0003455 1.66619e-08
0.0003465 1.28575e-08
0.0003475 9.14192e-09
0.0003485 5.79873e-09
0.0003495 3.07325e-09
0.0003505 1.15198e-09
0.0003515 1.47462e-10
0.0003525 8.96392e-11
0.0003535 9.24753e-10
0.0003545 2.52157e-09
0.0003555 4.68448e-09
0.0003565 7.17218e-09
0.0003575 9.72028e-09
0.0003585 1.20658e-08
0.0003595 1.39714e-08
0.0003605 1.52468e-08
0.0003615 1.57662e-08
0.0003625 1.54795e-08
0.0003635 1.44167e-08
0.0003645 1.26845e-08
0.0003655 1.04566e-08
0.0003665 7.95741e-09
0.0003675 5.44125e-09
0.0003685 3.1687e-09
0.0003695 1.38243e-09
0.0003705 2.84551e-10
0.0003715 1.75139e-11
0.0003725 6.50366e-10
0.0003735 2.17156e-09
0.0003745 4.48899e-09
0.0003755 7.43726e-09
0.0003765 1.07916e-08
0.0003775 1.4287e-08
0.0003785 1.76414e-08
0.0003795 2.058e-08
0.0003805 2.28598e-08
0.0003815 2.42902e-08
0.0003825 2.47508e-08
0.0003835 2.42015e-08
0.0003845 2.26863e-08
0.0003855 2.033e-08
0.0003865 1.73273e-08
0.0003875 1.3926e-08
0.0003885 1.04057e-08
0.0003895 7.05332e-09
0.0003905 4.13878e-09
0.0003915 1.89134e-09
0.0003925 4.80162e-10
0.0003935 6.24081e-15
0.0003945 4.63503e-10
0.0003955 1.8007e-09
0.0003965 3.86588e-09
0.0003975 6.45103e-09
0.0003985 9.30477e-09
0.0003995 1.21551e-08
0.0004005 1.47335e-08
0.0004015 1.67997e-08
0.0004025 1.81621e-08
0.0004035 1.86955e-08
0.0004045 1.83519e-08
0.0004055 1.71645e-08
0.0004065 1.52446e-08
0.0004075 1.27713e-08
0.0004085 9.97517e-09
0.0004095 7.11749e-09
0.0004105 4.46639e-09
0.0004115 2.27256e-09
0.0004125 7.46442e-10
0.0004135 3.8965e-11
0.0004145 2.27599e-10
0.0004155 1.30895e-09
0.0004165 3.19857e-09
0.0004175 5.73811e-09
0.0004185 8.70903e-09
0.0004195 1.18519e-08
0.0004205 1.48892e-08
0.0004215 1.75507e-08
0.0004225 1.95968e-08
0.0004235 2.08413e-08
0.0004245 2.1168e-08
0.0004255 2.05418e-08
0.0004265 1.90132e-08
0.0004275 1.67143e-08
0.0004285 1.38485e-08
0.0004295 1.06731e-08
0.0004305 7.47768e-09
0.0004315 4.5588e-09
0.0004325 2.19444e-09
0.0004335 6.19413e-10
0.0004345 4.46794e-12
0.0004355 4.40728e-10
0.0004365 1.93081e-09
0.0004375 4.38752e-09
0.0004385 7.64016e-09
0.0004395 1.14481e-08
0.0004405 1.55203e-08
0.0004415 1.95394e-08
0.0004425 2.31879e-08
0.0004435 2.61749e-08
0.0004445 2.82603e-08
0.0004455 2.92751e-08
0.0004465 2.91357e-08
0.0004475 2.78514e-08
0.0004485 2.55234e-08
0.0004495 2.23369e-08
0.0004505 1.8546e-08
0.0004515 1.44527e-08
0.0004525 1.03821e-08
0.0004535 6.65575e-09
0.0004545 3.56526e-09
0.0004555 1.34879e-09
0.0004565 1.71742e-10
0.0004575 1.1378e-10
0.0004585 1.16296e-09
0.0004595 3.21746e-09
0.0004605 6.09479e-09
0.0004615 9.54745e-09
0.0004625 1.32839e-08
0.0004635 1.69931e-08
0.0004645 2.03697e-08
0.0004655 2.31397e-08
0.0004665 2.50817e-08
0.0004675 2.60447e-08
0.0004685 2.59593e-08
0.0004695 2.48419e-08
0.0004705 2.27918e-08
0.0004715 1.99818e-08
0.0004725 1.66426e-08
0.0004735 1.30422e-08
0.0004745 9.46371e-09
0.0004755 6.18111e-09
0.0004765 3.43725e-09
0.0004775 1.42429e-09
0.0004785 2.69079e-10
0.0004795 2.42758e-11
0.0004805 6.65865e-10
0.0004815 2.09722e-09
0.0004825 4.15914e-09
0.0004835 6.64497e-09
0.0004845 9.31927e-09
0.0004855 1.19385e-08
0.0004865 1.42717e-08
0.0004875 1.61198e-08
0.0004885 1.73314e-08
0.0004895 1.78139e-08
0.0004905 1.75396e-08
0.0004915 1.6546e-08
0.0004925 1.493e-08
0.0004935 1.28376e-08
0.0004945 1.04493e-08
0.0004955 7.96324e-09
0.0004965 5.57718e-09
0.0004975 3.47102e-09
0.0004985 1.79158e-09
0.0004995 6.40861e-10
0.0005005 6.86271e-11
0.0005015 6.99969e-11
0.0005025 5.8807e-10
0.0005035 1.52123e-09
0.0005045 2.73432e-09
0.0005055 4.07263e-09
0.0005065 5.37726e-09
0.0005075 6.50047e-09
0.0005085 7.3196e-09
0.0005095 7.74829e-09
0.0005105 7.74397e-09
0.0005115 7.31104e-09
0.0005125 6.4996e-09
0.0005135 5.39969e-09
0.0005145 4.13193e-09
0.0005155 2.8353e-09
0.0005165 1.65332e-09
0.0005175 7.19891e-10
0.0005185 1.46271e-10
0.0005195 1.01903e-11
0.0005205 3.48267e-10
0.0005215 1.15233e-09
0.0005225 2.36999e-09
0.0005235 3.90933e-09
0.0005245 5.64732e-09
0.0005255 7.44102e-09
0.0005265 9.14073e-09
0.0005275 1.06035e-08
0.0005285 1.17064e-08
0.0005295 1.23569e-08
0.0005305 1.2502e-08
0.0005315 1.21317e-08
0.0005325 1.12804e-08
0.0005335 1.00228e-08
0.0005345 8.4669e-09
0.0005355 6.74358e-09
0.0005365 4.99457e-09
0.0005375 3.35925e-09
0.0005385 1.96196e-09
0.0005395 9.00871e-10
0.0005405 2.39392e-10
0.0005415 1.05231e-12
0.0005425 1.68181e-10
0.0005435 6.84574e-10
0.0005445 1.46185e-09
0.0005455 2.38886e-09
0.0005465 3.34333e-09
0.0005475 4.20448e-09
0.0005485 4.86551e-09
0.0005495 5.24477e-09
0.0005505 5.29444e-09
0.0005515 5.0059e-09
0.0005525 4.4113e-09
0.0005535 3.58108e-09
0.0005545 2.61763e-09
0.0005555 1.64567e-09
0.0005565 8.002e-10
0.0005575 2.13173e-10
0.0005585 3.44788e-14
0.0005595 2.47509e-10
0.0005605 1.00374e-09
0.0005615 2.27177e-09
0.0005625 4.00708e-09
0.0005635 6.1194e-09
0.0005645 8.47892e-09
0.0005655 1.09262e-08
0.0005665 1.3285e-08
0.0005675 1.53774e-08
0.0005685 1.70391e-08
0.0005695 1.81338e-08
0.0005705 1.85666e-08
0.0005715 1.82924e-08
0.0005725 1.7322e-08
0.0005735 1.57222e-08
0.0005745 1.36119e-08
0.0005755 1.11531e-08
0.0005765 8.53857e-09
0.0005775 5.97657e-09
0.0005785 3.67377e-09
0.0005795 1.81838e-09
0.0005805 5.64429e-10
0.0005815 1.8798e-11
0.0005825 2.32021e-10
0.0005835 1.1937e-09
0.0005845 2.83294e-09
0.0005855 5.02382e-09
0.0005865 7.59543e-09
0.0005875 1.03457e-08
0.0005885 1.30576e-08
0.0005895 1.55173e-08
0.0005905 1.75308e-08
0.0005915 1.89404e-08
0.0005925 1.96369e-08
0.0005935 1.95681e-08
0.0005945 1.87433e-08
0.0005955 1.72311e-08
0.0005965 1.51541e-08
0.0005975 1.26777e-08
0.0005985 9.99633e-09
0.0005995 7.31689e-09
0.0006005 4.84175e-09
0.0006015 2.75205e-09
0.0006025 1.19304e-09
0.0006035 2.62741e-10
0.0006045 4.58702e-12
0.0006055 4.04914e-10
0.0006065 1.39524e-09
0.0006075 2.85921e-09
0.0006085 4.64346e-09
0.0006095 6.57149e-09
0.0006105 8.45932e-09
0.0006115 1.01315e-08
0.0006125 1.1436e-08
0.0006135 1.22571e-08
0.0006145 1.25248e-08
0.0006155 1.22199e-08
0.0006165 1.13749e-08
0.0006175 1.00703e-08
0.0006185 8.42653e-09
0.0006195 6.5929e-09
0.0006205 4.7339e-09
0.0006215 3.01446e-09
0.0006225 1.58547e-09
0.0006235 5.70595e-10
0.0006245 5.57968e-11
0.0006255 8.22384e-11
0.0006265 6.43252e-10
0.0006275 1.68553e-09
0.0006285 3.11441e-09
0.0006295 4.80268e-09
0.0006305 6.60209e-09
0.0006315 8.35661e-09
0.0006325 9.91604e-09
0.0006335 1.1149e-08
0.0006345 1.19538e-08
0.0006355 1.22671e-08
0.0006365 1.20681e-08
0.0006375 1.13799e-08
0.0006385 1.02661e-08
0.0006395 8.82474e-09
0.0006405 7.17832e-09
0.0006415 5.46282e-09
0.0006425 3.81515e-09
0.0006435 2.36103e-09
0.0006445 1.20411e-09
0.0006455 4.17365e-10
0.0006465 3.74182e-11
0.0006475 6.24019e-11
0.0006485 4.53339e-10
0.0006495 1.13894e-09
0.0006505 2.02332e-09
0.0006515 2.9958e-09
0.0006525 3.94195e-09
0.0006535 4.75474e-09
0.0006545 5.34482e-09
0.0006555 5.64892e-09
0.0006565 5.63569e-09
0.0006575 5.30827e-09
0.0006585 4.70369e-09
0.0006595 3.88881e-09
0.0006605 2.95359e-09
0.0006615 2.00197e-09
0.0006625 1.14155e-09
0.0006635 4.72899e-10
0.0006645 7.94883e-11
0.0006655 1.9296e-11
0.0006665 3.18818e-10
0.0006675 9.70066e-10
0.0006685 1.93085e-09
0.0006695 3.12833e-09
0.0006705 4.46546e-09
0.0006715 5.82986e-09
0.0006725 7.10411e-09
0.0006735 8.17666e-09
0.0006745 8.95229e-09
0.0006755 9.36106e-09
0.0006765 9.36505e-09
0.0006775 8.96215e-09
0.0006785 8.18652e-09
0.0006795 7.10571e-09
0.0006805 5.81468e-09
0.0006815 4.42724e-09
0.0006825 3.06563e-09
0.0006835 1.84931e-09
0.0006845 8.83968e-10
0.0006855 2.51615e-10
0.0006865 2.96691e-12
0.0006875 1.526e-10
0.0006885 6.77484e-10
0.0006895 1.51902e-09
0.0006905 2.58846e-09
0.0006915 3.77516e-09
0.0006925 4.95707e-09
0.0006935 6.01238e-09
0.0006945 6.83134e-09
0.0006955 7.3271e-09
0.0006965 7.44465e-09
0.0006975 7.16689e-09
0.0006985 6.51723e-09
0.0006995 5.55861e-09
0.0007005 4.38861e-09
0.0007015 3.1314e-09
0.0007025 1.92693e-09
0.0007035 9.18434e-10
0.0007045 2.39222e-10
0.0007055 9.50124e-14
0.0007065 2.78359e-10
0.0007075 1.10955e-09
0.0007085 2.48264e-09
0.0007095 4.33916e-09
0.0007105 6.57653e-09
0.0007115 9.05525e-09
0.0007125 1.16094e-08
0.0007135 1.40599e-08
0.0007145 1.62287e-08
0.0007155 1.79539e-08
0.0007165 1.91028e-08
0.0007175 1.95842e-08
0.0007185 1.93557e-08
0.0007195 1.84287e-08
0.0007205 1.68676e-08
0.0007215 1.47858e-08
0.0007225 1.23368e-08
0.0007235 9.70245e-09
0.0007245 7.07826e-09
0.0007255 4.6581e-09
0.0007265 2.61861e-09
0.0007275 1.10502e-09
0.0007285 2.19647e-10
0.0007295 1.38314e-11
0.0007305 4.84071e-10
0.0007315 1.5727e-09
0.0007325 3.17299e-09
0.0007335 5.13831e-09
0.0007345 7.29446e-09
0.0007355 9.45426e-09
0.0007365 1.14331e-08
0.0007375 1.3064e-08
0.0007385 1.42115e-08
0.0007395 1.47822e-08
0.0007405 1.47321e-08
0.0007415 1.40698e-08
0.0007425 1.28548e-08
0.0007435 1.11921e-08
0.0007445 9.22258e-09
0.0007455 7.11088e-09
0.0007465 5.03114e-09
0.0007475 3.1522e-09
0.0007485 1.62347e-09
0.0007495 5.62596e-10
0.0007505 4.6011e-11
0.0007515 1.03066e-10
0.0007525 7.14272e-10
0.0007535 1.81371e-09
0.0007545 3.29535e-09
0.0007555 5.02269e-09
0.0007565 6.84085e-09
0.0007575 8.59004e-09
0.0007585 1.01192e-08
0.0007595 1.12988e-08
0.0007605 1.20313e-08
0.0007615 1.2259e-08
0.0007625 1.19681e-08
0.0007635 1.11888e-08
0.0007645 9.9924e-09
0.0007655 8.48343e-09
0.0007665 6.79051e-09
0.0007675 5.05447e-09
0.0007685 3.41588e-09
0.0007695 2.00288e-09
0.0007705 9.2028e-10
0.0007715 2.4099e-10
0.0007725 4.26852e-13
0.0007735 1.94343e-10
0.0007745 7.80229e-10
0.0007755 1.68209e-09
0.0007765 2.7981e-09
0.0007775 4.01043e-09
0.0007785 5.19627e-09
0.0007795 6.23911e-09
0.0007805 7.03922e-09
0.0007815 7.52234e-09
0.0007825 7.64595e-09
0.0007835 7.40245e-09
0.0007845 6.8191e-09
0.0007855 5.95473e-09
0.0007865 4.89362e-09
0.0007875 3.73704e-09
0.0007885 2.5934e-09
0.0007895 1.56784e-09
0.0007905 7.52263e-10
0.0007915 2.1678e-10
0.0007925 3.2378e-12
0.0007935 1.21547e-10
0.0007945 5.49059e-10
0.0007955 1.23305e-09
0.0007965 2.09609e-09
0.0007975 3.04375e-09
0.0007985 3.97393e-09
0.0007995 4.78698e-09
0.0008005 5.3956e-09
0.0008015 5.73359e-09
0.0008025 5.76267e-09
0.0008035 5.47675e-09
0.0008045 4.90309e-09
0.0008055 4.10037e-09
0.0008065 3.15375e-09
0.0008075 2.16738e-09
0.0008085 1.25493e-09
0.0008095 5.29168e-10
0.0008105 9.13379e-11
0.0008115 2.13896e-11
0.0008125 3.69977e-10
0.0008135 1.15291e-09
0.0008145 2.34863e-09
0.0008155 3.89893e-09
0.0008165 5.71293e-09
0.0008175 7.67398e-09
0.0008185 9.64888e-09
0.0008195 1.14987e-08
0.0008205 1.309e-08
0.0008215 1.43065e-08
0.0008225 1.50578e-08
0.0008235 1.5288e-08
0.0008245 1.49796e-08
0.0008255 1.41555e-08
0.0008265 1.2877e-08
0.0008275 1.12384e-08
0.0008285 9.35949e-09
0.0008295 7.37539e-09
0.0008305 5.42539e-09
0.0008315 3.64149e-09
0.0008325 2.13772e-09
0.0008335 1.00107e-09
0.0008345 2.84875e-10
0.0008355 5.17745e-12
0.0008365 1.40385e-10
0.0008375 6.34206e-10
0.0008385 1.40159e-09
0.0008395 2.33712e-09
0.0008405 3.3251e-09
0.0008415 4.25042e-09
0.0008425 5.00922e-09
0.0008435 5.51847e-09
0.0008445 5.72349e-09
0.0008455 5.60286e-09
0.0008465 5.17024e-09
0.0008475 4.47297e-09
0.0008485 3.58752e-09
0.0008495 2.6123e-09
0.0008505 1.65843e-09
0.0008515 8.39264e-10
0.0008525 2.59662e-10
0.0008535 5.97743e-12
0.0008545 1.37603e-10
0.0008555 6.80882e-10
0.0008565 1.62593e-09
0.0008575 2.92663e-09
0.0008585 4.50392e-09
0.0008595 6.2519e-09
0.0008605 8.04648e-09
0.0008615 9.75567e-09
0.0008625 1.12506e-08
0.0008635 1.24164e-08
0.0008645 1.31621e-08
0.0008655 1.34284e-08
0.0008665 1.31927e-08
0.0008675 1.24715e-08
0.0008685 1.1319e-08
0.0008695 9.82274e-09
0.0008705 8.0967e-09
0.0008715 6.27183e-09
0.0008725 4.48534e-09
0.0008735 2.86961e-09
0.0008745 1.54143e-09
0.0008755 5.92724e-10
0.0008765 8.33859e-11
0.0008775 3.68325e-11
0.0008785 4.38682e-10
0.0008795 1.23858e-09
0.0008805 2.35499e-09
0.0008815 3.68255e-09
0.0008825 5.10124e-09
0.0008835 6.48663e-09
0.0008845 7.72038e-09
0.0008855 8.69984e-09
0.0008865 9.34629e-09
0.0008875 9.61086e-09
0.0008885 9.47782e-09
0.0008895 8.96489e-09
0.0008905 8.12075e-09
0.0008915 7.01989e-09
0.0008925 5.75539e-09
0.0008935 4.43022e-09
0.0008945 3.14801e-09
0.0008955 2.0039e-09
0.0008965 1.07651e-09
0.0008975 4.21533e-10
0.0008985 6.75854e-11
0.0008995 1.46614e-11
0.0009005 2.35184e-10
0.0009015 6.77587e-10
0.0009025 1.27202e-09
0.0009035 1.93763e-09
0.0009045 2.59068e-09
0.0009055 3.15284e-09
0.0009065 3.55875e-09
0.0009075 3.76226e-09
0.0009085 3.74078e-09
0.0009095 3.4973e-09
0.0009105 3.05995e-09
0.0009115 2.47911e-09
0.0009125 1.82254e-09
0.0009135 1.16866e-09
0.0009145 5.9892e-10
0.0009155 1.89864e-10
0.0009165 5.53483e-12
0.0009175 9.10571e-11
0.0009185 4.67915e-10
0.0009195 1.13138e-09
0.0009205 2.0503e-09
0.0009215 3.16935e-09
0.0009225 4.41345e-09
0.0009235 5.694e-09
0.0009245 6.91638e-09
0.0009255 7.98807e-09
0.0009265 8.8266e-09
0.0009275 9.36666e-09
0.0009285 9.56575e-09
0.0009295 9.40791e-09
0.0009305 8.90504e-09
0.0009315 8.09596e-09
0.0009325 7.04308e-09
0.0009335 5.8271e-09
0.0009345 4.54014e-09
0.0009355 3.27802e-09
0.0009365 2.13228e-09
0.0009375 1.1826e-09
0.0009385 4.90457e-10
0.0009395 9.43242e-11
0.0009405 7.0093e-12
0.0009415 2.15206e-10
0.0009425 6.8132e-10
0.0009435 1.34737e-09
0.0009445 2.14054e-09
0.0009455 2.97995e-09
0.0009465 3.78392e-09
0.0009475 4.47713e-09
0.0009485 4.99707e-09
0.0009495 5.2991e-09
0.0009505 5.35983e-09
0.0009515 5.17848e-09
0.0009525 4.77613e-09
0.0009535 4.19305e-09
0.0009545 3.48426e-09
0.0009555 2.71396e-09
0.0009565 1.94916e-09
0.0009575 1.25334e-09
0.0009585 6.80511e-10
0.0009595 2.70423e-10
0.0009605 4.5232e-11
0.0009615 7.95985e-12
0.0009625 1.42856e-10
0.0009635 4.176e-10
0.0009645 7.87092e-10
0.0009655 1.19846e-09
0.0009665 1.59677e-09
0.0009675 1.93083e-09
0.0009685 2.15865e-09
0.0009695 2.25181e-09
0.0009705 2.19849e-09
0.0009715 2.00484e-09
0.0009725 1.69437e-09
0.0009735 1.3057e-09
0.0009745 8.88653e-10
0.0009755 4.99158e-10
0.0009765 1.93477e-10
0.0009775 2.22634e-11
0.0009785 2.50723e-11
0.0009795 2.25852e-10
0.0009805 6.29885e-10
0.0009815 1.22249e-09
0.0009825 1.96964e-09
0.0009835 2.82052e-09
0.0009845 3.71173e-09
0.0009855 4.57282e-09
0.0009865 5.33271e-09
0.0009875 5.92627e-09
0.0009885 6.30056e-09
0.0009895 6.42009e-09
0.0009905 6.27059e-09
0.0009915 5.86094e-09
0.0009925 5.22295e-09
0.0009935 4.4091e-09
0.0009945 3.4883e-09
0.0009955 2.54011e-09
0.0009965 1.64781e-09
0.0009975 8.91026e-10
0.0009985 3.38596e-10
0.0009995 4.2186e-11
0.0010005 3.1423e-11
0.0010015 3.10896e-10
0.0010025 8.59374e-10
0.0010035 1.63134e-09
0.0010045 2.56072e-09
0.0010055 3.56657e-09
0.0010065 4.56008e-09
0.0010075 5.45256e-09
0.0010085 6.16334e-09
0.0010095 6.62722e-09
0.0010105 6.80055e-09
0.0010115 6.6655e-09
0.0010125 6.23204e-09
0.0010135 5.53747e-09
0.0010145 4.64351e-09
0.0010155 3.63106e-09
0.0010165 2.59325e-09
0.0010175 1.62723e-09
0.0010185 8.25491e-10
0.0010195 2.67461e-10
0.0010205 1.21081e-11
0.0010215 9.22895e-11
0.0010225 5.11318e-10
0.0010235 1.24212e-09
0.0010245 2.22908e-09
0.0010255 3.39249e-09
0.0010265 4.63519e-09
0.0010275 5.8509e-09
0.0010285 6.93353e-09
0.0010295 7.78664e-09
0.0010305 8.33225e-09
0.0010315 8.51817e-09
0.0010325 8.32324e-09
0.0010335 7.75996e-09
0.0010345 6.87427e-09
0.0010355 5.74233e-09
0.0010365 4.46471e-09
0.0010375 3.15835e-09
0.0010385 1.94688e-09
0.0010395 9.50307e-10
0.0010405 2.74649e-10
0.0010415 2.70421e-12
0.0010425 1.86519e-10
0.0010435 8.42328e-10
0.0010445 1.94839e-09
0.0010455 3.44596e-09
0.0010465 5.24327e-09
0.0010475 7.22234e-09
0.0010485 9.24801e-09
0.0010495 1.11784e-08
0.0010505 1.2876e-08
0.0010515 1.42187e-08
0.0010525 1.51093e-08
0.0010535 1.54832e-08
0.0010545 1.53136e-08
0.0010555 1.46137e-08
0.0010565 1.3435e-08
0.0010575 1.18639e-08
0.0010585 1.00141e-08
0.0010595 8.01772e-09
0.0010605 6.01476e-09
0.0010615 4.14214e-09
0.0010625 2.52292e-09
0.0010635 1.25701e-09
0.0010645 4.13709e-10
0.0010655 2.69809e-11
0.0010665 9.35951e-11
0.0010675 5.74382e-10
0.0010685 1.39839e-09
0.0010695 2.46959e-09
0.0010705 3.67549e-09
0.0010715 4.89692e-09
0.0010725 6.01821e-09
0.0010735 6.93677e-09
0.0010745 7.57138e-09
0.0010755 7.86851e-09
0.0010765 7.80611e-09
0.0010775 7.39462e-09
0.0010785 6.67525e-09
0.0010795 5.71561e-09
0.0010805 4.60314e-09
0.0010815 3.43711e-09
0.0010825 2.31962e-09
0.0010835 1.34666e-09
0.0010845 5.99908e-10
0.0010855 1.39861e-10
0.0010865 1.04305e-12
0.0010875 1.8954e-10
0.0010885 6.83065e-10
0.0010895 1.43349e-09
0.0010905 2.37159e-09
0.0010915 3.41346e-09
0.0010925 4.46812e-09
0.0010935 5.4455e-09
0.0010945 6.26417e-09
0.0010955 6.85808e-09
0.0010965 7.1818e-09
0.0010975 7.21375e-09
0.0010985 6.95729e-09
0.0010995 6.4395e-09
0.0011005 5.70795e-09
0.0011015 4.82569e-09
0.0011025 3.86508e-09
0.0011035 2.90088e-09
0.0011045 2.00352e-09
0.0011055 1.23286e-09
0.0011065 6.33266e-10
0.0011075 2.30258e-10
0.0011085 2.91063e-11
0.0011095 1.541e-11
0.0011105 1.57571e-10
0.0011115 4.10887e-10
0.0011125 7.22835e-10
0.0011135 1.03899e-09
0.0011145 1.30904e-09
0.0011155 1.49216e-09
0.0011165 1.5615e-09
0.0011175 1.50694e-09
0.0011185 1.33629e-09
0.0011195 1.0744e-09
0.0011205 7.60643e-10
0.0011215 4.44682e-10
0.0011225 1.81187e-10
0.0011235 2.38831e-11
0.0011245 1.95472e-11
0.0011255 2.02567e-10
0.0011265 5.90586e-10
0.0011275 1.18171e-09
0.0011285 1.95353e-09
0.0011295 2.86421e-09
0.0011305 3.85543e-09
0.0011315 4.85709e-09
0.0011325 5.79328e-09
0.0011335 6.58905e-09
0.0011345 7.17735e-09
0.0011355 7.50543e-09
0.0011365 7.54027e-09
0.0011375 7.27227e-09
0.0011385 6.7171e-09
0.0011395 5.91524e-09
0.0011405 4.92942e-09
0.0011415 3.83993e-09
0.0011425 2.73838e-09
0.0011435 1.72024e-09
0.0011445 8.76925e-10
0.0011455 2.88032e-10
0.0011465 1.4445e-11
0.0011475 9.28832e-11
0.0011485 5.32409e-10
0.0011495 1.31321e-09
0.0011505 2.38776e-09
0.0011515 3.68435e-09
0.0011525 5.11259e-09
0.0011535 6.57057e-09
0.0011545 7.95295e-09
0.0011555 9.15936e-09
0.0011565 1.01024e-08
0.0011575 1.07145e-08
0.0011585 1.09534e-08
0.0011595 1.08047e-08
0.0011605 1.02834e-08
0.0011615 9.43143e-09
0.0011625 8.31443e-09
0.0011635 7.01549e-09
0.0011645 5.62812e-09
0.0011655 4.24831e-09
0.0011665 2.96652e-09
0.0011675 1.86038e-09
0.0011685 9.88612e-10
0.0011695 3.86803e-10
0.0011705 6.52811e-11
0.0011715 9.32528e-12
0.0011725 1.81617e-10
0.0011735 5.26693e-10
0.0011745 9.76969e-10
0.0011755 1.45976e-09
0.0011765 1.90464e-09
0.0011775 2.25046e-09
0.0011785 2.4514e-09
0.0011795 2.48142e-09
0.0011805 2.33676e-09
0.0011815 2.03634e-09
0.0011825 1.61977e-09
0.0011835 1.1435e-09
0.0011845 6.75128e-10
0.0011855 2.86657e-10
0.0011865 4.71852e-11
0.0011875 1.57486e-11
0.0011885 2.34991e-10
0.0011895 7.26264e-10
0.0011905 1.48662e-09
0.0011915 2.48801e-09
0.0011925 3.67878e-09
0.0011935 4.98742e-09
0.0011945 6.3281e-09
0.0011955 7.60775e-09
0.0011965 8.73385e-09
0.0011975 9.62238e-09
0.0011985 1.02051e-08
0.0011995 1.04359e-08
0.0012005 1.02944e-08
0.0012015 9.78885e-09
0.0012025 8.95518e-09
0.0012035 7.85447e-09
0.0012045 6.5679e-09
0.0012055 5.19016e-09
0.0012065 3.82146e-09
0.0012075 2.55922e-09
0.0012085 1.48991e-09
0.0012095 6.81846e-10
0.0012105 1.79611e-10
0.0012115 5.61969e-13
0.0012125 1.33724e-10
0.0012135 5.41202e-10
0.0012145 1.16198e-09
0.0012155 1.91775e-09
0.0012165 2.72036e-09
0.0012175 3.47999e-09
0.0012185 4.11363e-09
0.0012195 4.55283e-09
0.0012205 4.75021e-09
0.0012215 4.68395e-09
0.0012225 4.36011e-09
0.0012235 3.81222e-09
0.0012245 3.09845e-09
0.0012255 2.29647e-09
0.0012265 1.49632e-09
0.0012275 7.92216e-10
0.0012285 2.73685e-10
0.0012295 1.70431e-11
0.0012305 7.78818e-11
0.0012315 4.85282e-10
0.0012325 1.23828e-09
0.0012335 2.30496e-09
0.0012345 3.62423e-09
0.0012355 5.11025e-09
0.0012365 6.65915e-09
0.0012375 8.15737e-09
0.0012385 9.49112e-09
0.0012395 1.0556e-08
0.0012405 1.12661e-08
0.0012415 1.15615e-08
0.0012425 1.14138e-08
0.0012435 1.08296e-08
0.0012445 9.85008e-09
0.0012455 8.54857e-09
0.0012465 7.0252e-09
0.0012475 5.39913e-09
0.0012485 3.7993e-09
0.0012495 2.35417e-09
0.0012505 1.18157e-09
0.0012515 3.7921e-10
0.0012525 1.68565e-11
0.0012535 1.30691e-10
0.0012545 7.20374e-10
0.0012555 1.74903e-09
0.0012565 3.14612e-09
0.0012575 4.81304e-09
0.0012585 6.63085e-09
0.0012595 8.46957e-09
0.0012605 1.01983e-08
0.0012615 1.16952e-08
0.0012625 1.28566e-08
0.0012635 1.36049e-08
0.0012645 1.38935e-08
0.0012655 1.37097e-08
0.0012665 1.30748e-08
0.0012675 1.20417e-08
0.0012685 1.0689e-08
0.0012695 9.11483e-09
0.0012705 7.42775e-09
0.0012715 5.73824e-09
0.0012725 4.14975e-09
0.0012735 2.75093e-09
0.0012745 1.6093e-09
0.0012755 7.67049e-10
0.0012765 2.3908e-10
0.0012775 1.35556e-11
0.0012785 5.46798e-11
0.0012795 3.07464e-10
0.0012805 7.03953e-10
0.0012815 1.17031e-09
0.0012825 1.63408e-09
0.0012835 2.031e-09
0.0012845 2.31065e-09
0.0012855 2.4406e-09
0.0012865 2.40857e-09
0.0012875 2.22258e-09
0.0012885 1.90905e-09
0.0012895 1.50912e-09
0.0012905 1.07362e-09
0.0012915 6.57203e-10
0.0012925 3.1216e-10
0.0012935 8.26848e-11
0.0012945 2.43102e-14
0.0012955 7.90503e-11
0.0012965 3.1658e-10
0.0012975 6.916e-10
0.0012985 1.16737e-09
0.0012995 1.69521e-09
0.0013005 2.21957e-09
0.0013015 2.68388e-09
0.0013025 3.0367e-09
0.0013035 3.23734e-09
0.0013045 3.26064e-09
0.0013055 3.10023e-09
0.0013065 2.76996e-09
0.0013075 2.3034e-09
0.0013085 1.75127e-09
0.0013095 1.17715e-09
0.0013105 6.51724e-10
0.0013115 2.46131e-10
0.0013125 2.49862e-11
0.0013135 3.97932e-11
0.0013145 3.23317e-10
0.0013155 8.85503e-10
0.0013165 1.71136e-09
0.0013175 2.76106e-09
0.0013185 3.97234e-09
0.0013195 5.26496e-09
0.0013205 6.54707e-09
0.0013215 7.7227e-09
0.0013225 8.69995e-09
0.0013235 9.39915e-09
0.0013245 9.76006e-09
0.0013255 9.74781e-09
0.0013265 9.35664e-09
0.0013275 8.61139e-09
0.0013285 7.56631e-09
0.0013295 6.30145e-09
0.0013305 4.91671e-09
0.0013315 3.5241e-09
0.0013325 2.23882e-09
0.0013335 1.16994e-09
0.0013345 4.11348e-10
0.0013355 3.38714e-11
0.0013365 7.91452e-11
0.0013375 5.55811e-10
0.0013385 1.43838e-09
0.0013395 2.66888e-09
0.0013405 4.16117e-09
0.0013415 5.80759e-09
0.0013425 7.48739e-09
0.0013435 9.07628e-09
0.0013445 1.04562e-08
0.0013455 1.15249e-08
0.0013465 1.22035e-08
0.0013475 1.24433e-08
0.0013485 1.22288e-08
0.0013495 1.15789e-08
0.0013505 1.05451e-08
0.0013515 9.20677e-09
0.0013525 7.66461e-09
0.0013535 6.03197e-09
0.0013545 4.42567e-09
0.0013555 2.95646e-09
0.0013565 1.72016e-09
0.0013575 7.90216e-10
0.0013585 2.12308e-10
0.0013595 1.31461e-12
0.0013605 1.41017e-10
0.0013615 5.86432e-10
0.0013625 1.26857e-09
0.0013635 2.10116e-09
0.0013645 2.98873e-09
0.0013655 3.83535e-09
0.0013665 4.55319e-09
0.0013675 5.07023e-09
0.0013685 5.33639e-09
0.0013695 5.32761e-09
0.0013705 5.0475e-09
0.0013715 4.52644e-09
0.0013725 3.81833e-09
0.0013735 2.99516e-09
0.0013745 2.14006e-09
0.0013755 1.33936e-09
0.0013765 6.74431e-10
0.0013775 2.14087e-10
0.0013785 8.12881e-12
0.0013795 8.2716e-11
0.0013805 4.37907e-10
0.0013815 1.04761e-09
0.0013825 1.86194e-09
0.0013835 2.81174e-09
0.0013845 3.81485e-09
0.0013855 4.7836e-09
0.0013865 5.63278e-09
0.0013875 6.28737e-09
0.0013885 6.68939e-09
0.0013895 6.80315e-09
0.0013905 6.6185e-09
0.0013915 6.1518e-09
0.0013925 5.44438e-09
0.0013935 4.55887e-09
0.0013945 3.57342e-09
0.0013955 2.57468e-09
0.0013965 1.64986e-09
0.0013975 8.788e-10
0.0013985 3.26711e-10
0.0013995 3.81958e-11
0.0014005 3.31935e-11
0.0014015 3.05161e-10
0.0014025 8.21697e-10
0.0014035 1.52756e-09
0.0014045 2.34979e-09
0.0014055 3.2046e-09
0.0014065 4.00517e-09
0.0014075 4.66999e-09
0.0014085 5.13066e-09
0.0014095 5.33862e-09
0.0014105 5.27016e-09
0.0014115 4.92918e-09
0.0014125 4.34744e-09
0.0014135 3.58225e-09
0.0014145 2.71177e-09
0.0014155 1.82826e-09
0.0014165 1.02995e-09
0.0014175 4.12126e-10
0.0014185 5.82309e-11
0.0014195 3.18863e-11
0.0014205 3.70406e-10
0.0014215 1.0805e-09
0.0014225 2.13655e-09
0.0014235 3.48169e-09
0.0014245 5.03161e-09
0.0014255 6.68086e-09
0.0014265 8.31111e-09
0.0014275 9.8007e-09
0.0014285 1.10348e-08
0.0014295 1.19151e-08
0.0014305 1.23683e-08
0.0014315 1.23533e-08
0.0014325 1.18646e-08
0.0014335 1.09343e-08
0.0014345 9.62999e-09
0.0014355 8.05047e-09
0.0014365 6.31811e-09
0.0014375 4.56984e-09
0.0014385 2.94659e-09
0.0014395 1.58226e-09
0.0014405 5.932e-10
0.0014415 6.89774e-11
0.0014425 6.5164e-11
0.0014435 5.98765e-10
0.0014445 1.64664e-09
0.0014455 3.14706e-09
0.0014465 5.00424e-09
0.0014475 7.09552e-09
0.0014485 9.28055e-09
0.0014495 1.14119e-08
0.0014505 1.33459e-08
0.0014515 1.49533e-08
0.0014525 1.61287e-08
0.0014535 1.67978e-08
0.0014545 1.69223e-08
0.0014555 1.65019e-08
0.0014565 1.55735e-08
0.0014575 1.4207e-08
0.0014585 1.24997e-08
0.0014595 1.05677e-08
0.0014605 8.5368e-09
0.0014615 6.53246e-09
0.0014625 4.67064e-09
0.0014635 3.04939e-09
0.0014645 1.74236e-09
0.0014655 7.94461e-10
0.0014665 2.20085e-10
0.0014675 3.84207e-12
0.0014685 1.03728e-10
0.0014695 4.56331e-10
0.0014705 9.83558e-10
0.0014715 1.60027e-09
0.0014725 2.2221e-09
0.0014735 2.77281e-09
0.0014745 3.19056e-09
0.0014755 3.43253e-09
0.0014765 3.47761e-09
0.0014775 3.327e-09
0.0014785 3.00269e-09
0.0014795 2.54411e-09
0.0014805 2.00321e-09
0.0014815 1.43868e-09
0.0014825 9.09643e-10
0.0014835 4.69632e-10
0.0014845 1.6126e-10
0.0014855 1.21744e-11
0.0014865 3.25989e-11
0.0014875 2.14674e-10
0.0014885 5.33621e-10
0.0014895 9.50593e-10
0.0014905 1.41689e-09
0.0014915 1.87914e-09
0.0014925 2.28489e-09
0.0014935 2.58813e-09
0.0014945 2.7541e-09
0.0014955 2.76306e-09
0.0014965 2.61252e-09
0.0014975 2.31782e-09
0.0014985 1.91092e-09
0.0014995 1.43757e-09
0.0015005 9.53046e-10
0.0015015 5.1694e-10
0.0015025 1.87415e-10
0.0015035 1.54795e-11
0.0015045 3.98312e-11
0.0015055 2.82742e-10
0.0015065 7.47387e-10
0.0015075 1.41688e-09
0.0015085 2.2551e-09
0.0015095 3.20935e-09
0.0015105 4.21442e-09
0.0015115 5.19803e-09
0.0015125 6.08682e-09
0.0015135 6.81266e-09
0.0015145 7.31854e-09
0.0015155 7.56359e-09
0.0015165 7.52679e-09
0.0015175 7.20899e-09
0.0015185 6.63308e-09
0.0015195 5.84235e-09
0.0015205 4.89698e-09
0.0015215 3.86921e-09
0.0015225 2.83744e-09
0.0015235 1.87977e-09
0.0015245 1.06758e-09
0.0015255 4.59753e-10
0.0015265 9.78808e-11
0.0015275 2.9989e-12
0.0015285 1.74056e-10
0.0015295 5.88257e-10
0.0015305 1.20323e-09
0.0015315 1.96084e-09
0.0015325 2.79225e-09
0.0015335 3.62388e-09
0.0015345 4.38363e-09
0.0015355 5.00694e-09
0.0015365 5.44207e-09
0.0015375 5.65425e-09
0.0015385 5.62823e-09
0.0015395 5.36917e-09
0.0015405 4.90177e-09
0.0015415 4.26762e-09
0.0015425 3.52127e-09
0.0015435 2.72514e-09
0.0015445 1.94392e-09
0.0015455 1.23883e-09
0.0015465 6.62345e-10
0.0015475 2.53765e-10
0.0015485 3.60986e-11
0.0015495 1.44317e-11
0.0015505 1.75955e-10
0.0015515 4.91607e-10
0.0015525 9.19166e-10
0.0015535 1.40748e-09
0.0015545 1.90147e-09
0.0015555 2.34736e-09
0.0015565 2.69779e-09
0.0015575 2.91618e-09
0.0015585 2.98015e-09
0.0015595 2.88347e-09
0.0015605 2.63657e-09
0.0015615 2.26547e-09
0.0015625 1.80925e-09
0.0015635 1.31632e-09
0.0015645 8.39829e-10
0.0015655 4.3265e-10
0.0015665 1.4234e-10
0.0015675 6.62748e-12
0.0015685 4.9768e-11
0.0015695 2.80118e-10
0.0015705 6.89152e-10
0.0015715 1.252e-09
0.0015725 1.92945e-09
0.0015735 2.67129e-09
0.0015745 3.42056e-09
0.0015755 4.11851e-09
0.0015765 4.70969e-09
0.0015775 5.14672e-09
0.0015785 5.39442e-09
0.0015795 5.43285e-09
0.0015805 5.259e-09
0.0015815 4.88705e-09
0.0015825 4.34705e-09
0.0015835 3.68238e-09
0.0015845 2.94589e-09
0.0015855 2.19541e-09
0.0015865 1.4888e-09
0.0015875 8.79023e-10
0.0015885 4.09749e-10
0.0015895 1.11795e-10
0.0015905 7.27398e-13
0.0015915 7.58285e-11
0.0015925 3.20496e-10
0.0015935 7.04024e-10
0.0015945 1.18459e-09
0.0015955 1.71317e-09
0.0015965 2.23801e-09
0.0015975 2.70924e-09
0.0015985 3.08329e-09
0.0015995 3.32659e-09
0.0016005 3.41833e-09
0.0016015 3.35203e-09
0.0016025 3.13581e-09
0.0016035 2.79123e-09
0.0016045 2.35109e-09
0.0016055 1.85608e-09
0.0016065 1.35091e-09
0.0016075 8.80071e-10
0.0016085 4.83697e-10
0.0016095 1.93924e-10
0.0016105 3.20512e-11
0.0016115 6.75279e-12
0.0016125 1.13511e-10
0.0016135 3.35296e-10
0.0016145 6.44414e-10
0.0016155 1.00535e-09
0.0016165 1.37833e-09
0.0016175 1.72322e-09
0.0016185 2.00348e-09
0.0016195 2.18967e-09
0.0016205 2.26237e-09
0.0016215 2.21398e-09
0.0016225 2.0495e-09
0.0016235 1.78605e-09
0.0016245 1.4512e-09
0.0016255 1.08034e-09
0.0016265 7.13244e-10
0.0016275 3.9024e-10
0.0016285 1.48266e-10
0.0016295 1.72381e-11
0.0016305 1.70497e-11
0.0016315 1.55498e-10
0.0016325 4.2733e-10
0.0016335 8.14509e-10
0.0016345 1.28768e-09
0.0016355 1.80873e-09
0.0016365 2.33416e-09
0.0016375 2.81903e-09
0.0016385 3.22107e-09
0.0016395 3.50461e-09
0.0016405 3.64391e-09
0.0016415 3.62567e-09
0.0016425 3.45039e-09
0.0016435 3.1325e-09
0.0016445 2.69925e-09
0.0016455 2.18835e-09
0.0016465 1.64476e-09
0.0016475 1.11666e-09
0.0016485 6.51201e-10
0.0016495 2.90235e-10
0.0016505 6.65489e-11
0.0016515 8.44221e-13
0.0016525 9.97983e-11
0.0016535 3.55371e-10
0.0016545 7.45431e-10
0.0016555 1.23566e-09
0.0016565 1.78253e-09
0.0016575 2.33723e-09
0.0016585 2.84994e-09
0.0016595 3.27437e-09
0.0016605 3.57193e-09
0.0016615 3.71526e-09
0.0016625 3.6908e-09
0.0016635 3.50009e-09
0.0016645 3.15977e-09
0.0016655 2.7002e-09
0.0016665 2.16286e-09
0.0016675 1.59668e-09
0.0016685 1.05375e-09
0.0016695 5.84669e-10
0.0016705 2.33968e-10
0.0016715 3.60759e-11
0.0016725 1.21288e-11
0.0016735 1.67937e-10
0.0016745 4.93301e-10
0.0016755 9.62744e-10
0.0016765 1.53761e-09
0.0016775 2.16933e-09
0.0016785 2.80367e-09
0.0016795 3.3854e-09
0.0016805 3.86326e-09
0.0016815 4.19447e-09
0.0016825 4.3487e-09
0.0016835 4.31085e-09
0.0016845 4.08266e-09
0.0016855 3.68281e-09
0.0016865 3.14554e-09
0.0016875 2.51795e-09
0.0016885 1.85618e-09
0.0016895 1.22066e-09
0.0016905 6.71125e-10
0.0016915 2.61463e-10
0.0016925 3.51233e-11
0.0016935 2.13062e-11
0.0016945 2.32338e-10
0.0016955 6.62423e-10
0.0016965 1.2879e-09
0.0016975 2.06897e-09
0.0016985 2.95275e-09
0.0016995 3.87745e-09
0.0017005 4.77719e-09
0.0017015 5.58726e-09
0.0017025 6.24919e-09
0.0017035 6.71535e-09
0.0017045 6.95258e-09
0.0017055 6.94476e-09
0.0017065 6.69382e-09
0.0017075 6.21947e-09
0.0017085 5.55739e-09
0.0017095 4.75621e-09
0.0017105 3.87354e-09
0.0017115 2.97131e-09
0.0017125 2.11092e-09
0.0017135 1.34848e-09
0.0017145 7.30663e-10
0.0017155 2.91363e-10
0.0017165 4.95252e-11
0.0017175 8.21928e-12
0.0017185 1.55032e-10
0.0017195 4.63693e-10
0.0017205 8.9677e-10
0.0017215 1.40916e-09
0.0017225 1.95205e-09
0.0017235 2.47704e-09
0.0017245 2.94003e-09
0.0017255 3.30452e-09
0.0017265 3.54416e-09
0.0017275 3.64432e-09
0.0017285 3.60251e-09
0.0017295 3.42782e-09
0.0017305 3.13931e-09
0.0017315 2.76368e-09
0.0017325 2.33242e-09
0.0017335 1.87866e-09
0.0017345 1.43411e-09
0.0017355 1.02636e-09
0.0017365 6.76729e-10
0.0017375 3.98837e-10
0.0017385 1.98101e-10
0.0017395 7.20149e-11
0.0017405 1.12548e-11
0.0017415 1.40626e-12
0.0017425 2.51301e-11
0.0017435 6.45151e-11
0.0017445 1.03366e-10
0.0017455 1.2918e-10
0.0017465 1.3462e-10
0.0017475 1.18309e-10
0.0017485 8.49069e-11
0.0017495 4.44296e-11
0.0017505 1.09202e-11
0.0017515 6.00126e-13
0.0017525 2.97105e-11
0.0017535 1.12275e-10
0.0017545 2.58031e-10
0.0017555 4.70759e-10
0.0017565 7.47208e-10
0.0017575 1.07674e-09
0.0017585 1.44178e-09
0.0017595 1.81903e-09
0.0017605 2.18135e-09
0.0017615 2.50023e-09
0.0017625 2.74842e-09
0.0017635 2.90276e-09
0.0017645 2.94662e-09
0.0017655 2.87199e-09
0.0017665 2.68078e-09
0.0017675 2.38526e-09
0.0017685 2.00765e-09
0.0017695 1.57865e-09
0.0017705 1.13525e-09
0.0017715 7.17833e-10
0.0017725 3.66782e-10
0.0017735 1.19082e-10
0.0017745 4.98262e-12
0.0017755 4.51662e-11
0.0017765 2.48636e-10
0.0017775 6.11531e-10
0.0017785 1.117e-09
0.0017795 1.73618e-09
0.0017805 2.43018e-09
0.0017815 3.15297e-09
0.0017825 3.85491e-09
0.0017835 4.48665e-09
0.0017845 5.00306e-09
0.0017855 5.36681e-09
0.0017865 5.55149e-09
0.0017875 5.54364e-09
0.0017885 5.34395e-09
0.0017895 4.96714e-09
0.0017905 4.44079e-09
0.0017915 3.80307e-09
0.0017925 3.09961e-09
0.0017935 2.37981e-09
0.0017945 1.69285e-09
0.0017955 1.08376e-09
0.0017965 5.89883e-10
0.0017975 2.38056e-10
0.0017985 4.26788e-11
0.0017995 4.89995e-12
0.0018005 1.12925e-10
0.0018015 3.43429e-10
0.0018025 6.63923e-10
0.0018035 1.03587e-09
0.0018045 1.41823e-09
0.0018055 1.77117e-09
0.0018065 2.05956e-09
0.0018075 2.25595e-09
0.0018085 2.34277e-09
0.0018095 2.31363e-09
0.0018105 2.1735e-09
0.0018115 1.93787e-09
0.0018125 1.63093e-09
0.0018135 1.283e-09
0.0018145 9.27383e-10
0.0018155 5.97052e-10
0.0018165 3.21386e-10
0.0018175 1.23334e-10
0.0018185 1.72389e-11
0.0018195 7.55107e-12
0.0018205 8.85323e-11
0.0018215 2.44994e-10
0.0018225 4.5399e-10
0.0018235 6.87308e-10
0.0018245 9.14518e-10
0.0018255 1.10628e-09
0.0018265 1.23759e-09
0.0018275 1.29067e-09
0.0018285 1.25716e-09
0.0018295 1.13945e-09
0.0018305 9.5094e-10
0.0018315 7.15196e-10
0.0018325 4.64118e-10
0.0018335 2.35152e-10
0.0018345 6.78644e-11
0.0018355 1.59506e-13
0.0018365 6.44698e-11
0.0018375 2.84286e-10
0.0018385 6.71345e-10
0.0018395 1.22376e-09
0.0018405 1.92529e-09
0.0018415 2.74582e-09
0.0018425 3.64315e-09
0.0018435 4.5658e-09
0.0018445 5.45678e-09
0.0018455 6.25796e-09
0.0018465 6.91465e-09
0.0018475 7.38011e-09
0.0018485 7.61944e-09
0.0018495 7.61269e-09
0.0018505 7.35681e-09
0.0018515 6.86625e-09
0.0018525 6.17227e-09
0.0018535 5.32077e-09
0.0018545 4.36905e-09
0.0018555 3.38157e-09
0.0018565 2.42517e-09
0.0018575 1.56401e-09
0.0018585 8.54786e-10
0.0018595 3.42496e-10
0.0018605 5.71324e-11
0.0018615 1.15767e-11
0.0018625 2.00847e-10
0.0018635 6.02747e-10
0.0018645 1.17986e-09
0.0018655 1.88268e-09
0.0018665 2.6537e-09
0.0018675 3.43195e-09
0.0018685 4.15778e-09
0.0018695 4.7774e-09
0.0018705 5.24679e-09
0.0018715 5.53478e-09
0.0018725 5.62491e-09
0.0018735 5.51612e-09
0.0018745 5.22211e-09
0.0018755 4.76954e-09
0.0018765 4.19522e-09
0.0018775 3.54257e-09
0.0018785 2.85774e-09
0.0018795 2.18563e-09
0.0018805 1.5662e-09
0.0018815 1.03151e-09
0.0018825 6.03471e-10
0.0018835 2.9274e-10
0.0018845 9.86722e-11
0.0018855 1.03196e-11
0.0018865 8.37032e-12
0.0018875 6.77957e-11
0.0018885 1.60931e-10
0.0018895 2.60683e-10
0.0018905 3.43539e-10
0.0018915 3.92097e-10
0.0018925 3.96865e-10
0.0018935 3.57173e-10
0.0018945 2.81102e-10
0.0018955 1.84466e-10
0.0018965 8.89456e-11
0.0018975 1.95578e-11
0.0018985 1.73403e-12
0.0018995 5.82865e-11
0.0019005 2.06573e-10
0.0019015 4.56152e-10
0.0019025 8.07159e-10
0.0019035 1.24959e-09
0.0019045 1.7636e-09
0.0019055 2.32071e-09
0.0019065 2.88602e-09
0.0019075 3.42105e-09
0.0019085 3.88698e-09
0.0019095 4.2482e-09
0.0019105 4.4755e-09
0.0019115 4.54894e-09
0.0019125 4.45987e-09
0.0019135 4.21205e-09
0.0019145 3.82172e-09
0.0019155 3.3165e-09
0.0019165 2.73337e-09
0.0019175 2.11574e-09
0.0019185 1.50994e-09
0.0019195 9.61381e-10
0.0019205 5.10808e-10
0.0019215 1.90861e-10
0.0019225 2.33353e-11
0.0019235 1.73505e-11
0.0019245 1.68598e-10
0.0019255 4.59746e-10
0.0019265 8.61959e-10
0.0019275 1.33742e-09
0.0019285 1.84259e-09
0.0019295 2.33203e-09
0.0019305 2.76226e-09
0.0019315 3.09556e-09
0.0019325 3.30311e-09
0.0019335 3.36745e-09
0.0019345 3.28389e-09
0.0019355 3.06071e-09
0.0019365 2.71835e-09
0.0019375 2.28743e-09
0.0019385 1.80591e-09
0.0019395 1.31563e-09
0.0019405 8.58542e-10
0.0019415 4.72931e-10
0.0019425 1.9005e-10
0.0019435 3.13848e-11
0.0019445 6.83812e-12
0.0019455 1.13987e-10
0.0019465 3.38459e-10
0.0019475 6.55407e-10
0.0019485 1.03191e-09
0.0019495 1.43013e-09
0.0019505 1.81084e-09
0.0019515 2.13709e-09
0.0019525 2.37764e-09
0.0019535 2.50981e-09
0.0019545 2.52149e-09
0.0019555 2.41221e-09
0.0019565 2.19306e-09
0.0019575 1.88555e-09
0.0019585 1.51945e-09
0.0019595 1.12989e-09
0.0019605 7.53965e-10
0.0019615 4.2714e-10
0.0019625 1.79817e-10
0.0019635 3.44064e-11
0.0019645 3.15535e-12
0.0019655 8.69629e-11
0.0019665 2.7529e-10
0.0019675 5.47183e-10
0.0019685 8.73328e-10
0.0019695 1.21893e-09
0.0019705 1.54717e-09
0.0019715 1.8229e-09
0.0019725 2.01623e-09
0.0019735 2.10563e-09
0.0019745 2.0803e-09
0.0019755 1.94154e-09
0.0019765 1.70288e-09
0.0019775 1.38912e-09
0.0019785 1.03416e-09
0.0019795 6.77907e-10
0.0019805 3.62507e-10
0.0019815 1.28229e-10
0.0019825 9.39587e-12
0.0019835 3.0748e-11
0.0019845 2.04599e-10
0.0019855 5.29071e-10
0.0019865 9.87611e-10
0.0019875 1.54988e-09
0.0019885 2.17399e-09
0.0019895 2.8099e-09
0.0019905 3.40372e-09
0.0019915 3.90259e-09
0.0019925 4.25968e-09
0.0019935 4.43882e-09
0.0019945 4.41849e-09
0.0019955 4.19454e-09
0.0019965 3.78168e-09
0.0019975 3.21321e-09
0.0019985 2.53924e-09
0.0019995 1.82334e-09
0.0020005 1.13792e-09
0.0020015 5.58604e-10
0.0020025 1.58201e-10
0.0020035 5.73904e-13
0.0020045 1.35049e-10
0.0020055 5.91782e-10
0.0020065 1.3785e-09
0.0020075 2.47889e-09
0.0020085 3.8529e-09
0.0020095 5.43877e-09
0.0020105 7.15693e-09
0.0020115 8.9152e-09
0.0020125 1.06152e-08
0.0020135 1.21591e-08
0.0020145 1.34566e-08
0.0020155 1.44316e-08
0.0020165 1.5027e-08
0.0020175 1.52093e-08
0.0020185 1.49703e-08
0.0020195 1.43279e-08
0.0020205 1.3324e-08
0.0020215 1.20215e-08
0.0020225 1.04994e-08
0.0020235 8.84664e-09
0.0020245 7.15585e-09
0.0020255 5.51638e-09
0.0020265 4.00834e-09
0.0020275 2.69725e-09
0.0020285 1.63009e-09
0.0020295 8.32999e-10
0.0020305 3.10655e-10
0.0020315 4.73996e-11
0.0020325 9.9694e-12
0.0020335 1.51505e-10
0.0020345 4.16482e-10
0.0020355 7.46103e-10
0.0020365 1.08366e-09
0.0020375 1.37941e-09
0.0020385 1.59458e-09
0.0020395 1.70409e-09
0.0020405 1.69789e-09
0.0020415 1.58085e-09
0.0020425 1.3711e-09
0.0020435 1.09729e-09
0.0020445 7.94777e-10
0.0020455 5.01436e-10
0.0020465 2.53222e-10
0.0020475 8.01508e-11
