-0.0106614 9.08883e-15
-0.0106562 9.29088e-05
-0.010651 0.000143239
-0.0106458 0.000129713
-0.0106406 6.22911e-05
-0.0106354 2.43602e-05
-0.0106302 8.99681e-05
-0.010625 0.000109694
-0.0106198 8.57408e-05
-0.0106145 4.36881e-05
-0.0106093 1.63191e-05
-0.0106041 2.44796e-05
-0.0105989 6.5743e-05
-0.0105937 0.000116809
-0.0105885 0.000147581
-0.0105833 0.000138383
-0.0105781 9.04093e-05
-0.0105729 2.38502e-05
-0.0105677 3.44862e-05
-0.0105625 6.62731e-05
-0.0105573 7.05061e-05
-0.0105521 6.12694e-05
-0.0105469 5.64738e-05
-0.0105416 6.5028e-05
-0.0105364 8.06425e-05
-0.0105312 8.6173e-05
-0.010526 6.57426e-05
-0.0105208 1.6922e-05
-0.0105156 4.49748e-05
-0.0105104 9.37188e-05
-0.0105052 0.000106544
-0.0105 7.7673e-05
-0.0104948 2.27376e-05
-0.0104896 2.90333e-05
-0.0104844 5.07986e-05
-0.0104792 3.32297e-05
-0.010474 1.00418e-05
-0.0104687 5.00665e-05
-0.0104635 5.91988e-05
-0.0104583 2.73121e-05
-0.0104531 3.17082e-05
-0.0104479 8.70538e-05
-0.0104427 0.0001078
-0.0104375 7.99977e-05
-0.0104323 1.44421e-05
-0.0104271 5.91947e-05
-0.0104219 0.000108427
-0.0104167 0.000115067
-0.0104115 8.37968e-05
-0.0104063 3.77004e-05
-0.0104011 3.7695e-06
-0.0103958 2.89694e-06
-0.0103906 1.29944e-05
-0.0103854 3.12455e-05
-0.0103802 2.97368e-05
-0.010375 1.14303e-06
-0.0103698 5.19648e-05
-0.0103646 9.95127e-05
-0.0103594 0.000120563
-0.0103542 0.000105763
-0.010349 6.51339e-05
-0.0103438 2.17694e-05
-0.0103386 2.49098e-06
-0.0103334 6.78834e-07
-0.0103282 1.48687e-05
-0.0103229 2.0287e-05
-0.0103177 4.21242e-06
-0.0103125 6.02698e-05
-0.0103073 0.000127645
-0.0103021 0.000173752
-0.0102969 0.000171521
-0.0102917 0.000115462
-0.0102865 2.63924e-05
-0.0102813 5.84173e-05
-0.0102761 0.000104581
-0.0102709 9.86791e-05
-0.0102657 5.48124e-05
-0.0102605 5.7673e-06
-0.0102553 1.62613e-05
-0.0102501 1.61886e-06
-0.0102448 4.56728e-05
-0.0102396 8.3952e-05
-0.0102344 8.57048e-05
-0.0102292 4.0562e-05
-0.010224 3.37981e-05
-0.0102188 0.000100311
-0.0102136 0.00012292
-0.0102084 8.71931e-05
-0.0102032 9.26882e-06
-0.010198 7.23116e-05
-0.0101928 0.000117576
-0.0101876 0.000107185
-0.0101824 5.30304e-05
-0.0101772 8.83047e-06
-0.0101719 3.9123e-05
-0.0101667 1.83937e-05
-0.0101615 4.10143e-05
-0.0101563 0.000101123
-0.0101511 0.000119492
-0.0101459 7.37002e-05
-0.0101407 2.46267e-05
-0.0101355 0.000134353
-0.0101303 0.00020578
-0.0101251 0.000206707
-0.0101199 0.000139394
-0.0101147 3.91958e-05
-0.0101095 4.43083e-05
-0.0101043 7.33406e-05
-0.010099 4.09659e-05
-0.0100938 2.69151e-05
-0.0100886 8.71971e-05
-0.0100834 0.000103786
-0.0100782 6.69474e-05
-0.010073 2.54822e-06
-0.0100678 6.61332e-05
-0.0100626 8.93092e-05
-0.0100574 6.02652e-05
-0.0100522 4.83787e-06
-0.010047 7.21426e-05
-0.0100418 0.000109387
-0.0100366 0.000102953
-0.0100314 6.32566e-05
-0.0100261 1.61923e-05
-0.0100209 1.35441e-05
-0.0100157 1.70116e-05
-0.0100105 4.92637e-06
-0.0100053 9.59245e-07
-0.0100001 1.67026e-05
-0.00999491 5.83073e-05
-0.0099897 0.000105498
-0.00998449 0.000131421
-0.00997929 0.000117005
-0.00997408 6.35118e-05
-0.00996887 6.4002e-06
-0.00996366 6.0148e-05
-0.00995846 7.29497e-05
-0.00995325 4.17043e-05
-0.00994804 1.30279e-05
-0.00994284 5.82825e-05
-0.00993763 6.69811e-05
-0.00993242 3.30024e-05
-0.00992722 2.54348e-05
-0.00992201 7.59682e-05
-0.0099168 9.01196e-05
-0.00991159 5.90575e-05
-0.00990639 1.64574e-06
-0.00990118 6.07498e-05
-0.00989597 8.85149e-05
-0.00989077 7.26526e-05
-0.00988556 2.43032e-05
-0.00988035 2.89486e-05
-0.00987514 5.873e-05
-0.00986994 5.12448e-05
-0.00986473 1.38735e-05
-0.00985952 3.02453e-05
-0.00985432 5.60544e-05
-0.00984911 5.06731e-05
-0.0098439 1.98115e-05
-0.0098387 1.67199e-05
-0.00983349 3.72765e-05
-0.00982828 3.09966e-05
-0.00982307 3.48429e-06
-0.00981787 2.7389e-05
-0.00981266 4.26447e-05
-0.00980745 3.34573e-05
-0.00980225 5.86834e-06
-0.00979704 2.35758e-05
-0.00979183 3.83168e-05
-0.00978663 3.18896e-05
-0.00978142 1.15227e-05
-0.00977621 6.83074e-06
-0.009771 8.86699e-06
-0.0097658 8.71721e-06
-0.00976059 3.56933e-05
-0.00975538 5.42564e-05
-0.00975018 4.9985e-05
-0.00974497 2.12219e-05
-0.00973976 1.88895e-05
-0.00973455 4.92182e-05
-0.00972935 5.25757e-05
-0.00972414 2.59179e-05
-0.00971893 1.71896e-05
-0.00971373 5.34994e-05
-0.00970852 6.26878e-05
-0.00970331 3.86218e-05
-0.00969811 7.05827e-06
-0.0096929 5.11127e-05
-0.00968769 7.12554e-05
-0.00968248 5.81627e-05
-0.00967728 2.03543e-05
-0.00967207 2.06418e-05
-0.00966686 4.20607e-05
-0.00966166 3.2095e-05
-0.00965645 4.06917e-06
-0.00965124 4.74113e-05
-0.00964604 7.53948e-05
-0.00964083 7.36347e-05
-0.00963562 4.26763e-05
-0.00963041 3.37756e-06
-0.00962521 4.5065e-05
-0.00962 6.76937e-05
-0.00961479 6.78569e-05
-0.00960959 5.32377e-05
-0.00960438 3.65623e-05
-0.00959917 2.7713e-05
-0.00959396 2.86253e-05
-0.00958876 3.35351e-05
-0.00958355 3.37889e-05
-0.00957834 2.38443e-05
-0.00957314 4.72042e-06
-0.00956793 1.69442e-05
-0.00956272 3.32059e-05
-0.00955752 3.94774e-05
-0.00955231 3.65358e-05
-0.0095471 2.8813e-05
-0.00954189 2.04308e-05
-0.00953669 1.19184e-05
-0.00953148 3.20993e-08
-0.00952627 1.90625e-05
-0.00952107 4.53841e-05
-0.00951586 7.26983e-05
-0.00951065 9.02028e-05
-0.00950545 8.79275e-05
-0.00950024 6.29108e-05
-0.00949503 2.23473e-05
-0.00948982 1.8658e-05
-0.00948462 4.40589e-05
-0.00947941 4.50195e-05
-0.0094742 2.47267e-05
-0.009469 3.05655e-06
-0.00946379 2.12376e-05
-0.00945858 1.86931e-05
-0.00945337 3.43199e-06
-0.00944817 3.19914e-05
-0.00944296 4.87272e-05
-0.00943775 4.02086e-05
-0.00943255 5.51886e-06
-0.00942734 4.24699e-05
-0.00942213 8.29993e-05
-0.00941693 9.74684e-05
-0.00941172 7.84367e-05
-0.00940651 3.30333e-05
-0.0094013 2.07673e-05
-0.0093961 6.28389e-05
-0.00939089 7.99833e-05
-0.00938568 7.09104e-05
-0.00938048 4.50505e-05
-0.00937527 1.64418e-05
-0.00937006 3.67073e-06
-0.00936486 1.16189e-05
-0.00935965 1.13837e-05
-0.00935444 1.06028e-05
-0.00934923 1.52512e-05
-0.00934403 2.61034e-05
-0.00933882 3.8712e-05
-0.00933361 4.64572e-05
-0.00932841 4.45527e-05
-0.0093232 3.26156e-05
-0.00931799 1.45292e-05
-0.00931278 3.95082e-06
-0.00930758 1.81545e-05
-0.00930237 2.62354e-05
-0.00929716 2.89054e-05
-0.00929196 2.77398e-05
-0.00928675 2.34765e-05
-0.00928154 1.55681e-05
-0.00927634 3.2622e-06
-0.00927113 1.26425e-05
-0.00926592 2.87376e-05
-0.00926071 3.96116e-05
-0.00925551 4.00253e-05
-0.0092503 2.75311e-05
-0.00924509 4.05704e-06
-0.00923989 2.44856e-05
-0.00923468 5.04225e-05
-0.00922947 6.72358e-05
-0.00922427 7.17519e-05
-0.00921906 6.46712e-05
-0.00921385 4.94714e-05
-0.00920864 3.05262e-05
-0.00920344 1.15016e-05
-0.00919823 5.32783e-06
-0.00919302 1.88954e-05
-0.00918782 2.88354e-05
-0.00918261 3.51856e-05
-0.0091774 3.84235e-05
-0.00917219 3.95245e-05
-0.00916699 3.96447e-05
-0.00916178 3.93762e-05
-0.00915657 3.80316e-05
-0.00915137 3.3642e-05
-0.00914616 2.40272e-05
-0.00914095 8.54823e-06
-0.00913575 1.05251e-05
-0.00913054 2.81652e-05
-0.00912533 3.86396e-05
-0.00912012 3.86367e-05
-0.00911492 2.97033e-05
-0.00910971 1.82752e-05
-0.0091045 1.27646e-05
-0.0090993 1.89176e-05
-0.00909409 3.59604e-05
-0.00908888 5.5998e-05
-0.00908368 6.75542e-05
-0.00907847 6.179e-05
-0.00907326 3.81319e-05
-0.00906805 5.9534e-06
-0.00906285 1.91787e-05
-0.00905764 2.32242e-05
-0.00905243 1.46936e-06
-0.00904723 3.79091e-05
-0.00904202 7.68489e-05
-0.00903681 9.5858e-05
-0.0090316 8.37375e-05
-0.0090264 4.34646e-05
-0.00902119 9.01566e-06
-0.00901598 5.26144e-05
-0.00901078 7.14794e-05
-0.00900557 6.24345e-05
-0.00900036 3.55584e-05
-0.00899516 7.75102e-06
-0.00898995 6.99183e-06
-0.00898474 5.07535e-06
-0.00897953 5.61422e-06
-0.00897433 1.15175e-05
-0.00896912 2.56914e-06
-0.00896391 2.07758e-05
-0.00895871 4.69299e-05
-0.0089535 5.95073e-05
-0.00894829 4.70128e-05
-0.00894309 1.02172e-05
-0.00893788 3.72437e-05
-0.00893267 7.56427e-05
-0.00892746 8.96082e-05
-0.00892226 7.63076e-05
-0.00891705 4.66273e-05
-0.00891184 1.85934e-05
-0.00890664 6.78719e-06
-0.00890143 1.39087e-05
-0.00889622 2.94797e-05
-0.00889101 3.65623e-05
-0.00888581 2.26461e-05
-0.0088806 1.17224e-05
-0.00887539 5.18576e-05
-0.00887019 7.64155e-05
-0.00886498 6.94511e-05
-0.00885977 3.02317e-05
-0.00885457 2.49816e-05
-0.00884936 7.05695e-05
-0.00884415 8.46821e-05
-0.00883894 6.07334e-05
-0.00883374 1.09094e-05
-0.00882853 4.03022e-05
-0.00882332 6.90459e-05
-0.00881812 6.44252e-05
-0.00881291 3.35526e-05
-0.0088077 3.23007e-06
-0.0088025 2.40383e-05
-0.00879729 1.73826e-05
-0.00879208 1.22141e-05
-0.00878687 4.77133e-05
-0.00878167 6.97407e-05
-0.00877646 6.73548e-05
-0.00877125 4.32866e-05
-0.00876605 1.10286e-05
-0.00876084 1.39595e-05
-0.00875563 2.33168e-05
-0.00875042 1.96294e-05
-0.00874522 1.30179e-05
-0.00874001 1.30164e-05
-0.0087348 2.12269e-05
-0.0087296 2.96914e-05
-0.00872439 2.62428e-05
-0.00871918 3.54814e-06
-0.00871398 3.4027e-05
-0.00870877 7.05438e-05
-0.00870356 8.62481e-05
-0.00869835 6.8804e-05
-0.00869315 2.13673e-05
-0.00868794 3.76611e-05
-0.00868273 8.36383e-05
-0.00867753 9.86449e-05
-0.00867232 8.10099e-05
-0.00866711 4.57089e-05
-0.00866191 1.51402e-05
-0.0086567 5.48988e-06
-0.00865149 1.67261e-05
-0.00864628 3.24077e-05
-0.00864108 2.98675e-05
-0.00863587 4.8837e-06
-0.00863066 6.63274e-05
-0.00862546 0.000129554
-0.00862025 0.000162128
-0.00861504 0.000141662
-0.00860983 6.94009e-05
-0.00860463 2.81321e-05
-0.00859942 0.00011099
-0.00859421 0.000145263
-0.00858901 0.000119851
-0.0085838 5.15608e-05
-0.00857859 2.42119e-05
-0.00857339 7.20663e-05
-0.00856818 7.4342e-05
-0.00856297 3.85414e-05
-0.00855776 9.14633e-06
-0.00855256 4.00068e-05
-0.00854735 3.91763e-05
-0.00854214 1.29731e-05
-0.00853694 1.65936e-05
-0.00853173 2.63969e-05
-0.00852652 6.92107e-06
-0.00852132 3.16659e-05
-0.00851611 6.56165e-05
-0.0085109 7.21073e-05
-0.00850569 4.33593e-05
-0.00850049 8.16368e-06
-0.00849528 5.66836e-05
-0.00849007 7.81103e-05
-0.00848487 6.41924e-05
-0.00847966 2.73205e-05
-0.00847445 6.99554e-06
-0.00846924 1.55977e-05
-0.00846404 8.109e-06
-0.00845883 4.97956e-05
-0.00845362 8.25177e-05
-0.00844842 8.29494e-05
-0.00844321 4.59301e-05
-0.008438 1.15015e-05
-0.0084328 5.93272e-05
-0.00842759 7.18896e-05
-0.00842238 4.32143e-05
-0.00841717 8.91918e-06
-0.00841197 5.29544e-05
-0.00840676 6.20946e-05
-0.00840155 3.06356e-05
-0.00839635 2.17237e-05
-0.00839114 6.06375e-05
-0.00838593 5.71814e-05
-0.00838073 5.78604e-06
-0.00837552 7.05959e-05
-0.00837031 0.000131674
-0.0083651 0.000141602
-0.0083599 8.93231e-05
-0.00835469 4.10167e-06
-0.00834948 9.56407e-05
-0.00834428 0.000142631
-0.00833907 0.000125087
-0.00833386 5.56984e-05
-0.00832865 2.79138e-05
-0.00832345 8.41597e-05
-0.00831824 8.97961e-05
-0.00831303 5.11194e-05
-0.00830783 1.94282e-06
-0.00830262 3.49777e-05
-0.00829741 3.00724e-05
-0.00829221 3.65743e-06
-0.008287 3.6073e-05
-0.00828179 3.4908e-05
-0.00827658 1.36537e-05
-0.00827138 9.49475e-05
-0.00826617 0.000172454
-0.00826096 0.000207487
-0.00825576 0.000180693
-0.00825055 0.000103007
-0.00824534 9.73221e-06
-0.00824014 5.88432e-05
-0.00823493 7.91487e-05
-0.00822972 5.59461e-05
-0.00822451 1.7415e-05
-0.00821931 3.0675e-06
-0.0082141 1.25089e-05
-0.00820889 5.60977e-05
-0.00820369 9.90483e-05
-0.00819848 0.000110319
-0.00819327 7.64077e-05
-0.00818806 1.08666e-05
-0.00818286 5.26047e-05
-0.00817765 7.96531e-05
-0.00817244 5.58652e-05
-0.00816724 3.95783e-06
-0.00816203 6.376e-05
-0.00815682 8.71552e-05
-0.00815162 5.91634e-05
-0.00814641 4.23043e-06
-0.0081412 6.47971e-05
-0.00813599 8.44557e-05
-0.00813079 4.84369e-05
-0.00812558 2.4584e-05
-0.00812037 9.19451e-05
-0.00811517 0.000111262
-0.00810996 6.57995e-05
-0.00810475 2.39189e-05
-0.00809955 0.000109671
-0.00809434 0.000141628
-0.00808913 9.66236e-05
-0.00808392 7.50092e-06
-0.00807872 0.000120102
-0.00807351 0.000184526
-0.0080683 0.000168863
-0.0080631 8.35084e-05
-0.00805789 2.44983e-05
-0.00805268 9.74491e-05
-0.00804747 9.88815e-05
-0.00804227 3.35864e-05
-0.00803706 5.55612e-05
-0.00803185 0.000112235
-0.00802665 9.89321e-05
-0.00802144 1.86995e-05
-0.00801623 8.59923e-05
-0.00801103 0.0001567
-0.00800582 0.000151676
-0.00800061 6.94424e-05
-0.0079954 4.99382e-05
-0.0079902 0.000146585
-0.00798499 0.000173335
-0.00797978 0.000120951
-0.00797458 2.21122e-05
-0.00796937 6.76987e-05
-0.00796416 0.000101351
-0.00795896 6.56641e-05
-0.00795375 1.27286e-05
-0.00794854 8.40583e-05
-0.00794333 0.000104686
-0.00793813 6.20829e-05
-0.00793292 1.85709e-05
-0.00792771 8.95683e-05
-0.00792251 0.000108546
-0.0079173 6.29e-05
-0.00791209 2.31401e-05
-0.00790688 0.000102529
-0.00790168 0.000132127
-0.00789647 9.66627e-05
-0.00789126 1.63427e-05
-0.00788606 6.58168e-05
-0.00788085 0.00010913
-0.00787564 9.80465e-05
-0.00787044 4.9491e-05
-0.00786523 8.92169e-07
-0.00786002 1.35822e-05
-0.00785481 1.57564e-05
-0.00784961 6.81123e-05
-0.0078444 0.000104975
-0.00783919 9.40558e-05
-0.00783399 3.01079e-05
-0.00782878 5.99117e-05
-0.00782357 0.000130775
-0.00781837 0.00014424
-0.00781316 9.1133e-05
-0.00780795 2.57791e-06
-0.00780274 8.94319e-05
-0.00779754 0.000126252
-0.00779233 9.74815e-05
-0.00778712 2.29208e-05
-0.00778192 5.43677e-05
-0.00777671 9.28748e-05
-0.0077715 7.58976e-05
-0.00776629 2.00047e-05
-0.00776109 3.58758e-05
-0.00775588 5.41389e-05
-0.00775067 2.10712e-05
-0.00774547 4.47987e-05
-0.00774026 0.000103335
-0.00773505 0.000116172
-0.00772985 6.92682e-05
-0.00772464 1.8368e-05
-0.00771943 0.000104757
-0.00771422 0.000147982
-0.00770902 0.000128994
-0.00770381 6.13267e-05
-0.0076986 1.74759e-05
-0.0076934 6.73673e-05
-0.00768819 6.76769e-05
-0.00768298 2.69204e-05
-0.00767778 2.45652e-05
-0.00767257 5.41681e-05
-0.00766736 4.67796e-05
-0.00766215 1.30548e-05
-0.00765695 1.84709e-05
-0.00765174 2.02962e-05
-0.00764653 1.57866e-05
-0.00764133 7.231e-05
-0.00763612 0.000115669
-0.00763091 0.000116021
-0.0076257 6.56976e-05
-0.0076205 1.49933e-05
-0.00761529 8.82769e-05
-0.00761008 0.000119813
-0.00760488 9.78305e-05
-0.00759967 3.92935e-05
-0.00759446 2.05577e-05
-0.00758926 4.91347e-05
-0.00758405 3.55596e-05
-0.00757884 3.44606e-06
-0.00757363 3.43834e-05
-0.00756843 2.81259e-05
-0.00756322 2.12252e-05
-0.00755801 9.12263e-05
-0.00755281 0.000143164
-0.0075476 0.000144575
-0.00754239 8.90898e-05
-0.00753719 1.71496e-06
-0.00753198 7.40563e-05
-0.00752677 0.000100328
-0.00752156 6.63824e-05
-0.00751636 4.81872e-06
-0.00751115 6.93211e-05
-0.00750594 8.71489e-05
-0.00750074 4.54335e-05
-0.00749553 3.36226e-05
-0.00749032 0.000104789
-0.00748511 0.000125314
-0.00747991 7.95579e-05
-0.0074747 1.12761e-05
-0.00746949 0.000100053
-0.00746429 0.000139363
-0.00745908 0.000107658
-0.00745387 2.12822e-05
-0.00744867 7.43533e-05
-0.00744346 0.000129483
-0.00743825 0.000116825
-0.00743304 4.56894e-05
-0.00742784 4.41959e-05
-0.00742263 0.000105308
-0.00741742 0.000108442
-0.00741222 5.77153e-05
-0.00740701 1.35833e-05
-0.0074018 6.33517e-05
-0.0073966 6.52188e-05
-0.00739139 2.31853e-05
-0.00738618 3.17546e-05
-0.00738097 6.0639e-05
-0.00737577 3.99296e-05
-0.00737056 2.43099e-05
-0.00736535 9.95049e-05
-0.00736015 0.000144949
-0.00735494 0.00013477
-0.00734973 7.23378e-05
-0.00734452 1.19055e-05
-0.00733932 7.76033e-05
-0.00733411 9.65667e-05
-0.0073289 6.71785e-05
-0.0073237 1.32805e-05
-0.00731849 3.11615e-05
-0.00731328 4.21863e-05
-0.00730808 1.88792e-05
-0.00730287 1.80154e-05
-0.00729766 4.0531e-05
-0.00729245 3.18566e-05
-0.00728725 2.64215e-06
-0.00728204 3.84955e-05
-0.00727683 4.74724e-05
-0.00727163 1.59147e-05
-0.00726642 4.515e-05
-0.00726121 0.00010458
-0.00725601 0.00012818
-0.0072508 9.8556e-05
-0.00724559 2.62021e-05
-0.00724038 5.4946e-05
-0.00723518 0.00010536
-0.00722997 0.000101335
-0.00722476 4.79362e-05
-0.00721956 2.38382e-05
-0.00721435 7.41834e-05
-0.00720914 7.63378e-05
-0.00720393 3.10223e-05
-0.00719873 3.44489e-05
-0.00719352 8.16728e-05
-0.00718831 8.2461e-05
-0.00718311 3.40871e-05
-0.0071779 3.97436e-05
-0.00717269 0.000102301
-0.00716749 0.00012378
-0.00716228 9.66345e-05
-0.00715707 3.81795e-05
-0.00715186 2.02762e-05
-0.00714666 5.09806e-05
-0.00714145 4.39034e-05
-0.00713624 9.96736e-06
-0.00713104 2.75381e-05
-0.00712583 4.74777e-05
-0.00712062 4.24698e-05
-0.00711542 2.10701e-05
-0.00711021 8.26064e-08
-0.007105 7.48622e-06
-0.00709979 9.75425e-07
-0.00709459 8.17242e-06
-0.00708938 4.99211e-06
-0.00708417 1.78551e-05
-0.00707897 5.37523e-05
-0.00707376 8.49549e-05
-0.00706855 9.30975e-05
-0.00706335 7.09365e-05
-0.00705814 2.78637e-05
-0.00705293 1.4639e-05
-0.00704772 3.52901e-05
-0.00704252 2.58136e-05
-0.00703731 3.62006e-06
-0.0070321 3.00289e-05
-0.0070269 3.14441e-05
-0.00702169 9.27972e-07
-0.00701648 4.77166e-05
-0.00701127 8.64665e-05
-0.00700607 8.86526e-05
-0.00700086 4.49011e-05
-0.00699565 2.98536e-05
-0.00699045 0.000102792
-0.00698524 0.000140012
-0.00698003 0.000124613
-0.00697483 6.60112e-05
-0.00696962 4.89653e-06
-0.00696441 5.22071e-05
-0.0069592 5.41278e-05
-0.006954 1.42083e-05
-0.00694879 4.14373e-05
-0.00694358 7.92059e-05
-0.00693838 7.68189e-05
-0.00693317 3.53155e-05
-0.00692796 2.2371e-05
-0.00692276 6.52019e-05
-0.00691755 7.21512e-05
-0.00691234 4.4255e-05
-0.00690713 3.74684e-06
-0.00690193 1.91465e-05
-0.00689672 4.13931e-06
-0.00689151 4.67337e-05
-0.00688631 0.000109398
-0.0068811 0.000150601
-0.00687589 0.000146174
-0.00687068 9.4503e-05
-0.00686548 1.77223e-05
-0.00686027 4.99553e-05
-0.00685506 8.02647e-05
-0.00684986 6.5352e-05
-0.00684465 2.0913e-05
-0.00683944 2.33722e-05
-0.00683424 4.05097e-05
-0.00682903 2.06689e-05
-0.00682382 2.43008e-05
-0.00681861 6.8345e-05
-0.00681341 8.60668e-05
-0.0068082 6.65504e-05
-0.00680299 1.86822e-05
-0.00679779 3.44774e-05
-0.00679258 6.86137e-05
-0.00678737 7.09514e-05
-0.00678217 4.60295e-05
-0.00677696 1.18474e-05
-0.00677175 1.07935e-05
-0.00676654 9.43578e-06
-0.00676134 1.44547e-05
-0.00675613 4.7931e-05
-0.00675092 7.48142e-05
-0.00674572 8.45266e-05
-0.00674051 7.652e-05
-0.0067353 5.83882e-05
-0.00673009 3.96514e-05
-0.00672489 2.5558e-05
-0.00671968 1.47767e-05
-0.00671447 2.03512e-06
-0.00670927 1.65181e-05
-0.00670406 3.91271e-05
-0.00669885 5.84101e-05
-0.00669365 6.56642e-05
-0.00668844 5.67274e-05
-0.00668323 3.55e-05
-0.00667802 1.2596e-05
-0.00667282 3.68471e-07
-0.00666761 2.4668e-06
-0.0066624 1.75298e-05
-0.0066572 3.36286e-05
-0.00665199 3.83964e-05
-0.00664678 2.5681e-05
-0.00664158 4.95269e-07
-0.00663637 2.78505e-05
-0.00663116 4.26604e-05
-0.00662595 3.75999e-05
-0.00662075 1.60725e-05
-0.00661554 9.5238e-06
-0.00661033 2.46508e-05
-0.00660513 2.0712e-05
-0.00659992 2.29291e-07
-0.00659471 2.67367e-05
-0.0065895 4.44764e-05
-0.0065843 4.41268e-05
-0.00657909 2.62244e-05
-0.00657388 3.09268e-07
-0.00656868 2.09419e-05
-0.00656347 2.90536e-05
-0.00655826 2.42864e-05
-0.00655306 1.4849e-05
-0.00654785 1.14354e-05
-0.00654264 2.04316e-05
-0.00653743 3.98213e-05
-0.00653223 6.01379e-05
-0.00652702 6.98162e-05
-0.00652181 6.17667e-05
-0.00651661 3.73805e-05
-0.0065114 5.77552e-06
-0.00650619 2.11062e-05
-0.00650099 3.46059e-05
-0.00649578 3.32005e-05
-0.00649057 2.21479e-05
-0.00648536 9.53621e-06
-0.00648016 1.39136e-06
-0.00647495 1.16509e-06
-0.00646974 1.209e-06
-0.00646454 2.58779e-06
-0.00645933 6.30531e-06
-0.00645412 9.27498e-06
-0.00644891 6.37229e-06
-0.00644371 5.51759e-06
-0.0064385 2.41834e-05
-0.00643329 4.19205e-05
-0.00642809 4.9044e-05
-0.00642288 3.92836e-05
-0.00641767 1.39251e-05
-0.00641247 1.79238e-05
-0.00640726 4.34376e-05
-0.00640205 5.25186e-05
-0.00639684 4.31069e-05
-0.00639164 2.23823e-05
-0.00638643 3.08165e-06
-0.00638122 3.17285e-06
-0.00637602 8.00142e-06
-0.00637081 3.14068e-05
-0.0063656 5.49006e-05
-0.0063604 6.5552e-05
-0.00635519 5.60774e-05
-0.00634998 2.82973e-05
-0.00634477 7.95314e-06
-0.00633957 3.9647e-05
-0.00633436 5.65244e-05
-0.00632915 5.5284e-05
-0.00632395 4.02795e-05
-0.00631874 2.08643e-05
-0.00631353 7.04416e-06
-0.00630832 5.54711e-06
-0.00630312 1.77771e-05
-0.00629791 3.99585e-05
-0.0062927 6.48271e-05
-0.0062875 8.39228e-05
-0.00628229 8.98025e-05
-0.00627708 7.79072e-05
-0.00627188 4.7969e-05
-0.00626667 4.66983e-06
-0.00626146 4.29496e-05
-0.00625625 8.36785e-05
-0.00625105 0.000107619
-0.00624584 0.000109795
-0.00624063 9.22454e-05
-0.00623543 6.33423e-05
-0.00623022 3.43149e-05
-0.00622501 1.44468e-05
-0.00621981 7.27565e-06
-0.0062146 9.7455e-06
-0.00620939 1.47287e-05
-0.00620418 1.54645e-05
-0.00619898 9.35687e-06
-0.00619377 1.04767e-06
-0.00618856 1.03741e-05
-0.00618336 1.44511e-05
-0.00617815 1.33713e-05
-0.00617294 1.14647e-05
-0.00616773 1.40535e-05
-0.00616253 2.30648e-05
-0.00615732 3.45611e-05
-0.00615211 4.02639e-05
-0.00614691 3.26457e-05
-0.0061417 1.06423e-05
-0.00613649 1.78491e-05
-0.00613129 3.89951e-05
-0.00612608 4.06277e-05
-0.00612087 2.03573e-05
-0.00611566 1.08529e-05
-0.00611046 3.26654e-05
-0.00610525 2.57366e-05
-0.00610004 1.67055e-05
-0.00609484 8.26794e-05
-0.00608963 0.000144954
-0.00608442 0.000173461
-0.00607922 0.000150685
-0.00607401 8.18989e-05
-0.0060688 5.7575e-06
-0.00606359 7.56218e-05
-0.00605839 9.93529e-05
-0.00605318 7.10588e-05
-0.00604797 1.01314e-05
-0.00604277 4.89311e-05
-0.00603756 7.44556e-05
-0.00603235 5.3766e-05
-0.00602714 1.0157e-06
-0.00602194 6.05076e-05
-0.00601673 9.46028e-05
-0.00601152 8.8757e-05
-0.00600632 5.10556e-05
-0.00600111 6.38883e-06
-0.0059959 1.8605e-05
-0.0059907 1.09866e-05
-0.00598549 2.15538e-05
-0.00598028 5.61107e-05
-0.00597507 6.88758e-05
-0.00596987 4.96855e-05
-0.00596466 8.04544e-06
-0.00595945 3.30003e-05
-0.00595425 5.14482e-05
-0.00594904 4.04457e-05
-0.00594383 1.3108e-05
-0.00593863 5.3246e-06
-0.00593342 6.32987e-06
-0.00592821 5.03484e-05
-0.005923 0.000105976
-0.0059178 0.000139411
-0.00591259 0.000122958
-0.00590738 5.25425e-05
-0.00590218 4.69162e-05
-0.00589697 0.000132345
-0.00589176 0.000164427
-0.00588655 0.000128821
-0.00588135 4.47443e-05
-0.00587614 4.43521e-05
-0.00587093 9.34334e-05
-0.00586573 7.96924e-05
-0.00586052 1.44748e-05
-0.00585531 6.33104e-05
-0.00585011 0.000108704
-0.0058449 9.52487e-05
-0.00583969 2.90156e-05
-0.00583448 5.54994e-05
-0.00582928 0.000115051
-0.00582407 0.000121619
-0.00581886 7.71811e-05
-0.00581366 1.1207e-05
-0.00580845 3.72484e-05
-0.00580324 4.22091e-05
-0.00579804 5.05446e-06
-0.00579283 4.76416e-05
-0.00578762 8.10398e-05
-0.00578241 7.34365e-05
-0.00577721 2.9329e-05
-0.005772 2.35974e-05
-0.00576679 5.16793e-05
-0.00576159 3.62853e-05
-0.00575638 1.41068e-05
-0.00575117 6.82443e-05
-0.00574596 9.05372e-05
-0.00574076 6.27516e-05
-0.00573555 4.07443e-06
-0.00573034 7.49509e-05
-0.00572514 0.000110815
-0.00571993 9.15271e-05
-0.00571472 2.83882e-05
-0.00570952 4.15406e-05
-0.00570431 7.64618e-05
-0.0056991 5.42173e-05
-0.00569389 1.42362e-05
-0.00568869 9.04206e-05
-0.00568348 0.000130152
-0.00567827 0.000109161
-0.00567307 3.76182e-05
-0.00566786 4.51284e-05
-0.00566265 9.29043e-05
-0.00565745 7.94152e-05
-0.00565224 1.38262e-05
-0.00564703 6.40396e-05
-0.00564182 0.000106402
-0.00563662 8.51979e-05
-0.00563141 8.71576e-06
-0.0056262 8.25861e-05
-0.005621 0.000138905
-0.00561579 0.000129525
-0.00561058 6.04495e-05
-0.00560537 2.90241e-05
-0.00560017 8.8906e-05
-0.00559496 8.72405e-05
-0.00558975 2.83041e-05
-0.00558455 5.031e-05
-0.00557934 0.000100006
-0.00557413 8.98231e-05
-0.00556893 2.45643e-05
-0.00556372 5.82997e-05
-0.00555851 0.000111187
-0.0055533 0.000105109
-0.0055481 4.74258e-05
-0.00554289 2.2161e-05
-0.00553768 5.53437e-05
-0.00553248 2.48437e-05
-0.00552727 5.77392e-05
-0.00552206 0.000146935
-0.00551686 0.000189022
-0.00551165 0.000153689
-0.00550644 5.31562e-05
-0.00550123 6.29565e-05
-0.00549603 0.000134818
-0.00549082 0.000126415
-0.00548561 4.68014e-05
-0.00548041 5.41056e-05
-0.0054752 0.000113383
-0.00546999 9.10499e-05
-0.00546478 6.45956e-06
-0.00545958 0.00012903
-0.00545437 0.000210674
-0.00544916 0.000206816
-0.00544396 0.00011978
-0.00543875 2.24206e-06
-0.00543354 9.23753e-05
-0.00542834 0.000102998
-0.00542313 3.27296e-05
-0.00541792 7.30562e-05
-0.00541271 0.000148545
-0.00540751 0.000145517
-0.0054023 6.11762e-05
-0.00539709 6.03115e-05
-0.00539189 0.000153477
-0.00538668 0.000169531
-0.00538147 0.000104583
-0.00537627 1.62007e-06
-0.00537106 7.50194e-05
-0.00536585 7.78355e-05
-0.00536064 4.68573e-06
-0.00535544 9.92601e-05
-0.00535023 0.000167614
-0.00534502 0.000151963
-0.00533982 5.13262e-05
-0.00533461 8.55951e-05
-0.0053294 0.000187218
-0.00532419 0.000199833
-0.00531899 0.00011886
-0.00531378 7.66838e-06
-0.00530857 0.000105858
-0.00530337 0.000117906
-0.00529816 3.52746e-05
-0.00529295 9.60625e-05
-0.00528775 0.000201566
-0.00528254 0.000220571
-0.00527733 0.000140967
-0.00527212 6.2123e-06
-0.00526692 0.00010938
-0.00526171 0.000142923
-0.0052565 7.85307e-05
-0.0052513 4.4201e-05
-0.00524609 0.000153544
-0.00524088 0.000187166
-0.00523568 0.00012774
-0.00523047 1.2054e-05
-0.00522526 9.14863e-05
-0.00522005 0.000123628
-0.00521485 6.93473e-05
-0.00520964 3.33989e-05
-0.00520443 0.000116423
-0.00519923 0.000122231
-0.00519402 3.89974e-05
-0.00518881 9.11943e-05
-0.0051836 0.000196037
-0.0051784 0.000215053
-0.00517319 0.000135437
-0.00516798 5.0005e-07
-0.00516278 0.00011469
-0.00515757 0.000146619
-0.00515236 8.04624e-05
-0.00514716 4.08323e-05
-0.00514195 0.00014124
-0.00513674 0.000156155
-0.00513153 7.09071e-05
-0.00512633 6.93976e-05
-0.00512112 0.000184959
-0.00511591 0.000207277
-0.00511071 0.000119588
-0.0051055 3.18946e-05
-0.00510029 0.000163024
-0.00509509 0.00019918
-0.00508988 0.000118138
-0.00508467 3.63678e-05
-0.00507946 0.000178525
-0.00507426 0.000228443
-0.00506905 0.000157043
-0.00506384 2.22497e-06
-0.00505864 0.000152923
-0.00505343 0.000227363
-0.00504822 0.000187717
-0.00504301 6.61578e-05
-0.00503781 5.94984e-05
-0.0050326 0.000111735
-0.00502739 5.85749e-05
-0.00502219 6.81426e-05
-0.00501698 0.000191954
-0.00501177 0.000237127
-0.00500657 0.000173592
-0.00500136 3.50874e-05
-0.00499615 0.000100217
-0.00499094 0.000155445
-0.00498574 0.000100345
-0.00498053 3.04285e-05
-0.00497532 0.000157096
-0.00497012 0.000201371
-0.00496491 0.000132788
-0.0049597 1.25047e-05
-0.0049545 0.000151965
-0.00494929 0.000204604
-0.00494408 0.000138989
-0.00493887 6.88261e-06
-0.00493367 0.000146038
-0.00492846 0.000192209
-0.00492325 0.000110416
-0.00491805 6.09116e-05
-0.00491284 0.00022968
-0.00490763 0.000301198
-0.00490242 0.000231851
-0.00489722 5.47265e-05
-0.00489201 0.000137766
-0.0048868 0.000244898
-0.0048816 0.000213615
-0.00487639 6.79145e-05
-0.00487118 0.000105037
-0.00486598 0.000204177
-0.00486077 0.000171316
-0.00485556 2.33464e-05
-0.00485035 0.000158111
-0.00484515 0.000273396
-0.00483994 0.000261051
-0.00483473 0.000131691
-0.00482953 3.93894e-05
-0.00482432 0.000156065
-0.00481911 0.000156174
-0.00481391 4.58718e-05
-0.0048087 0.000105716
-0.00480349 0.000207767
-0.00479828 0.000200618
-0.00479308 8.95399e-05
-0.00478787 5.97657e-05
-0.00478266 0.00016076
-0.00477746 0.00015724
-0.00477225 5.61078e-05
-0.00476704 7.72324e-05
-0.00476183 0.000157887
-0.00475663 0.000131847
-0.00475142 8.17056e-06
-0.00474621 0.00014582
-0.00474101 0.000243484
-0.0047358 0.000229167
-0.00473059 0.000110527
-0.00472539 4.58964e-05
-0.00472018 0.00015318
-0.00471497 0.000154078
-0.00470976 5.35028e-05
-0.00470456 8.53442e-05
-0.00469935 0.000178662
-0.00469414 0.000171319
-0.00468894 6.88118e-05
-0.00468373 6.67193e-05
-0.00467852 0.000153886
-0.00467332 0.000140726
-0.00466811 3.59105e-05
-0.0046629 9.59692e-05
-0.00465769 0.000172359
-0.00465249 0.000141691
-0.00464728 1.44928e-05
-0.00464207 0.000141769
-0.00463687 0.000241346
-0.00463166 0.00022987
-0.00462645 0.000115985
-0.00462124 3.36585e-05
-0.00461604 0.000133254
-0.00461083 0.000127887
-0.00460562 2.5485e-05
-0.00460042 0.000108135
-0.00459521 0.000188323
-0.00459 0.000161934
-0.0045848 3.93307e-05
-0.00457959 0.000110933
-0.00457438 0.00020196
-0.00456917 0.000179731
-0.00456397 5.56478e-05
-0.00455876 9.89572e-05
-0.00455355 0.000193596
-0.00454835 0.000171189
-0.00454314 4.17808e-05
-0.00453793 0.000122502
-0.00453273 0.000228722
-0.00452752 0.000216874
-0.00452231 9.4877e-05
-0.0045171 6.57529e-05
-0.0045119 0.000171345
-0.00450669 0.000160718
-0.00450148 4.12228e-05
-0.00449628 0.000115061
-0.00449107 0.000213115
-0.00448586 0.00019071
-0.00448065 5.55915e-05
-0.00447545 0.000117854
-0.00447024 0.000231057
-0.00446503 0.000218594
-0.00445983 8.71573e-05
-0.00445462 8.682e-05
-0.00444941 0.00020014
-0.00444421 0.000182116
-0.004439 3.60811e-05
-0.00443379 0.000161059
-0.00442858 0.000301515
-0.00442338 0.000307485
-0.00441817 0.000175509
-0.00441296 2.1193e-05
-0.00440776 0.000173956
-0.00440255 0.000200094
-0.00439734 8.95014e-05
-0.00439214 9.01575e-05
-0.00438693 0.000232571
-0.00438172 0.00025375
-0.00437651 0.000139881
-0.00437131 4.53243e-05
-0.0043661 0.000197858
-0.00436089 0.000233683
-0.00435569 0.000137275
-0.00435048 2.95231e-05
-0.00434527 0.000163438
-0.00434006 0.000179758
-0.00433486 6.18131e-05
-0.00432965 0.000128615
-0.00432444 0.000286031
-0.00431924 0.000321262
-0.00431403 0.000212387
-0.00430882 1.74146e-05
-0.00430362 0.000158492
-0.00429841 0.00022242
-0.0042932 0.00014576
-0.00428799 2.06954e-05
-0.00428279 0.000176901
-0.00427758 0.000231296
-0.00427237 0.00015284
-0.00426717 1.23735e-05
-0.00426196 0.000169061
-0.00425675 0.000228655
-0.00425155 0.000160652
-0.00424634 9.75966e-06
-0.00424113 0.000130813
-0.00423592 0.000174163
-0.00423072 9.06752e-05
-0.00422551 7.43724e-05
-0.0042203 0.000226716
-0.0042151 0.000277447
-0.00420989 0.000194345
-0.00420468 2.05933e-05
-0.00419947 0.000149791
-0.00419427 0.000225504
-0.00418906 0.000169572
-0.00418385 1.94497e-05
-0.00417865 0.000135622
-0.00417344 0.000206521
-0.00416823 0.000155189
-0.00416303 1.52628e-05
-0.00415782 0.000129138
-0.00415261 0.000193627
-0.0041474 0.000143204
-0.0041422 1.23374e-05
-0.00413699 0.000116083
-0.00413178 0.00016038
-0.00412658 8.90358e-05
-0.00412137 5.98905e-05
-0.00411616 0.000200472
-0.00411096 0.000249247
-0.00410575 0.000174819
-0.00410054 1.75871e-05
-0.00409533 0.000132342
-0.00409013 0.000186719
-0.00408492 0.000110577
-0.00407971 5.63068e-05
-0.00407451 0.000220698
-0.0040693 0.000288175
-0.00406409 0.000216691
-0.00405888 4.0799e-05
-0.00405368 0.000147438
-0.00404847 0.000250136
-0.00404326 0.000218529
-0.00403806 7.99304e-05
-0.00403285 7.85543e-05
-0.00402764 0.000160174
-0.00402244 0.000113909
-0.00401723 3.64633e-05
-0.00401202 0.000206072
-0.00400681 0.000297498
-0.00400161 0.000256461
-0.0039964 0.000102993
-0.00399119 7.95102e-05
-0.00398599 0.000191021
-0.00398078 0.000170889
-0.00397557 3.15475e-05
-0.00397037 0.000148806
-0.00396516 0.000270044
-0.00395995 0.000265525
-0.00395474 0.000138036
-0.00394954 4.33635e-05
-0.00394433 0.00018299
-0.00393912 0.000211734
-0.00393392 0.000123876
-0.00392871 2.24922e-05
-0.0039235 0.000140453
-0.00391829 0.000163898
-0.00391309 8.34308e-05
-0.00390788 5.11356e-05
-0.00390267 0.000161855
-0.00389747 0.000188419
-0.00389226 0.000122029
-0.00388705 8.41441e-06
-0.00388185 8.06846e-05
-0.00387664 9.01869e-05
-0.00387143 1.34751e-05
-0.00386622 0.000104707
-0.00386102 0.000195168
-0.00385581 0.000204688
-0.0038506 0.000126285
-0.0038454 2.12862e-06
-0.00384019 0.00010187
-0.00383498 0.000134371
-0.00382978 8.73498e-05
-0.00382457 1.10063e-06
-0.00381936 7.08309e-05
-0.00381415 7.58651e-05
-0.00380895 1.13512e-05
-0.00380374 8.43431e-05
-0.00379853 0.000153159
-0.00379333 0.000152288
-0.00378812 7.98623e-05
-0.00378291 2.35763e-05
-0.0037777 9.85054e-05
-0.0037725 0.000100934
-0.00376729 2.79019e-05
-0.00376208 8.06795e-05
-0.00375688 0.000164701
-0.00375167 0.000177794
-0.00374646 0.00011306
-0.00374126 6.16056e-06
-0.00373605 8.54968e-05
-0.00373084 0.000115114
-0.00372563 7.18555e-05
-0.00372043 1.48317e-05
-0.00371522 9.35528e-05
-0.00371001 0.00012068
-0.00370481 8.41365e-05
-0.0036996 8.03286e-06
-0.00369439 6.35339e-05
-0.00368919 9.31807e-05
-0.00368398 7.14862e-05
-0.00367877 2.06991e-05
-0.00367356 2.04511e-05
-0.00366836 2.10716e-05
-0.00366315 2.32081e-05
-0.00365794 8.80972e-05
-0.00365274 0.000135808
-0.00364753 0.000137999
-0.00364232 9.26282e-05
-0.00363711 2.48255e-05
-0.00363191 2.8333e-05
-0.0036267 3.97166e-05
-0.00362149 7.51991e-06
-0.00361629 4.48345e-05
-0.00361108 8.37835e-05
-0.00360587 8.62458e-05
-0.00360067 5.32008e-05
-0.00359546 8.12947e-06
-0.00359025 1.84811e-05
-0.00358504 8.90147e-06
-0.00357984 3.00341e-05
-0.00357463 7.04551e-05
-0.00356942 8.038e-05
-0.00356422 4.39179e-05
-0.00355901 2.75145e-05
-0.0035538 0.000100038
-0.0035486 0.000135825
-0.00354339 0.000114748
-0.00353818 4.6607e-05
-0.00353297 3.33099e-05
-0.00352777 8.30163e-05
-0.00352256 7.6441e-05
-0.00351735 1.71834e-05
-0.00351215 6.41434e-05
-0.00350694 0.00012716
-0.00350173 0.000143573
-0.00349653 0.000111325
-0.00349132 5.34913e-05
-0.00348611 3.30425e-06
-0.0034809 1.54889e-05
-0.0034757 1.40639e-06
-0.00347049 2.59157e-05
-0.00346528 3.94675e-05
-0.00346008 2.25073e-05
-0.00345487 2.06573e-05
-0.00344966 6.71651e-05
-0.00344445 8.97464e-05
-0.00343925 7.39224e-05
-0.00343404 2.78629e-05
-0.00342883 2.11486e-05
-0.00342363 4.18095e-05
-0.00341842 1.68328e-05
-0.00341321 4.64651e-05
-0.00340801 0.000119185
-0.0034028 0.000165919
-0.00339759 0.000163556
-0.00339238 0.000113498
-0.00338718 4.07459e-05
-0.00338197 1.93641e-05
-0.00337676 3.93671e-05
-0.00337156 1.30215e-05
-0.00336635 4.29141e-05
-0.00336114 9.86969e-05
-0.00335594 0.000127382
-0.00335073 0.000117767
-0.00334552 7.8105e-05
-0.00334031 2.96215e-05
-0.00333511 5.68582e-06
-0.0033299 1.59923e-05
-0.00332469 3.8585e-06
-0.00331949 1.75246e-05
-0.00331428 3.29225e-05
-0.00330907 3.32521e-05
-0.00330386 1.91799e-05
-0.00329866 9.45935e-07
-0.00329345 1.67159e-05
-0.00328824 2.12423e-05
-0.00328304 1.38879e-05
-0.00327783 5.40932e-07
-0.00327262 1.48125e-05
-0.00326742 2.24422e-05
-0.00326221 1.9617e-05
-0.003257 5.71078e-06
-0.00325179 1.69565e-05
-0.00324659 4.35553e-05
-0.00324138 6.74783e-05
-0.00323617 8.18858e-05
-0.00323097 8.21988e-05
-0.00322576 6.86682e-05
-0.00322055 4.73554e-05
-0.00321535 2.81695e-05
-0.00321014 2.01641e-05
-0.00320493 2.62782e-05
-0.00319972 4.07235e-05
-0.00319452 5.12738e-05
-0.00318931 4.60062e-05
-0.0031841 2.10521e-05
-0.0031789 1.53951e-05
-0.00317369 4.60268e-05
-0.00316848 5.36591e-05
-0.00316327 3.20216e-05
-0.00315807 8.36162e-06
-0.00315286 4.3588e-05
-0.00314765 4.84043e-05
-0.00314245 1.08485e-05
-0.00313724 5.88202e-05
-0.00313203 0.000130823
-0.00312683 0.000169931
-0.00312162 0.000154018
-0.00311641 8.70077e-05
-0.0031112 1.41515e-06
-0.003106 7.00006e-05
-0.00310079 8.68754e-05
-0.00309558 4.59785e-05
-0.00309038 3.01141e-05
-0.00308517 0.000102658
-0.00307996 0.000137603
-0.00307476 0.000123169
-0.00306955 7.43325e-05
-0.00306434 2.20338e-05
-0.00305913 6.17214e-06
-0.00305393 2.29942e-06
-0.00304872 1.8772e-05
-0.00304351 3.0708e-05
-0.00303831 1.45384e-05
-0.0030331 2.72038e-05
-0.00302789 7.04772e-05
-0.00302268 8.46308e-05
-0.00301748 5.34057e-05
-0.00301227 1.12977e-05
-0.00300706 7.26081e-05
-0.00300186 8.8555e-05
-0.00299665 3.77969e-05
-0.00299144 6.42519e-05
-0.00298624 0.000169798
-0.00298103 0.000222884
-0.00297582 0.000190758
-0.00297061 8.44732e-05
-0.00296541 4.4106e-05
-0.0029602 0.000128657
-0.00295499 0.000124263
-0.00294979 3.27017e-05
-0.00294458 9.77139e-05
-0.00293937 0.000198434
-0.00293417 0.00021875
-0.00292896 0.000154023
-0.00292375 4.75899e-05
-0.00291854 3.51537e-05
-0.00291334 4.57366e-05
-0.00290813 1.81387e-05
-0.00290292 0.000110696
-0.00289772 0.000165353
-0.00289251 0.000135632
-0.0028873 2.54686e-05
-0.00288209 0.000109825
-0.00287689 0.000193891
-0.00287168 0.000174207
-0.00286647 5.53579e-05
-0.00286127 9.97349e-05
-0.00285606 0.000202977
-0.00285085 0.000190777
-0.00284565 6.18763e-05
-0.00284044 0.000119255
-0.00283523 0.000256764
-0.00283002 0.00027695
-0.00282482 0.000170616
-0.00281961 5.74165e-07
-0.0028144 0.000138339
-0.0028092 0.000163782
-0.00280399 6.3168e-05
-0.00279878 0.000103345
-0.00279358 0.000235894
-0.00278837 0.000253012
-0.00278316 0.000140192
-0.00277795 3.97322e-05
-0.00277275 0.000181444
-0.00276754 0.000197974
-0.00276233 7.25804e-05
-0.00275713 0.000128919
-0.00275192 0.000293648
-0.00274671 0.000325591
-0.0027415 0.000201512
-0.0027363 1.37775e-05
-0.00273109 0.000202528
-0.00272588 0.000260305
-0.00272068 0.000155681
-0.00271547 5.11454e-05
-0.00271026 0.000242106
-0.00270506 0.000308499
-0.00269985 0.00021318
-0.00269464 1.16616e-05
-0.00268943 0.000180403
-0.00268423 0.00025476
-0.00267902 0.00017388
-0.00267381 7.11061e-06
-0.00266861 0.000173191
-0.0026634 0.000218133
-0.00265819 0.000108883
-0.00265299 9.27113e-05
-0.00264778 0.000264657
-0.00264257 0.000296656
-0.00263736 0.000157257
-0.00263216 8.37205e-05
-0.00262695 0.00029207
-0.00262174 0.000345367
-0.00261654 0.000204769
-0.00261133 5.97337e-05
-0.00260612 0.000306539
-0.00260091 0.000401884
-0.00259571 0.000296218
-0.0025905 5.31402e-05
-0.00258529 0.000186601
-0.00258009 0.000285964
-0.00257488 0.000190819
-0.00256967 3.86968e-05
-0.00256447 0.000263443
-0.00255926 0.000347171
-0.00255405 0.000237366
-0.00254884 2.67501e-06
-0.00254364 0.000230225
-0.00253843 0.000307511
-0.00253322 0.000184855
-0.00252802 6.69395e-05
-0.00252281 0.00029548
-0.0025176 0.000355685
-0.0025124 0.000197239
-0.00250719 0.000101379
-0.00250198 0.000374118
-0.00249677 0.000461859
-0.00249157 0.000306208
-0.00248636 1.25528e-05
-0.00248115 0.000317251
-0.00247595 0.000433271
-0.00247074 0.000289316
-0.00246553 3.90126e-05
-0.00246032 0.000369448
-0.00245512 0.000515618
-0.00244991 0.000393844
-0.0024447 7.24836e-05
-0.0024395 0.000265653
-0.00243429 0.000427415
-0.00242908 0.000320641
-0.00242388 8.30363e-06
-0.00241867 0.000326705
-0.00241346 0.000486849
-0.00240825 0.000375013
-0.00240305 5.25266e-05
-0.00239784 0.00029447
-0.00239263 0.00046201
-0.00238743 0.000347368
-0.00238222 1.09553e-05
-0.00237701 0.000355919
-0.00237181 0.000540104
-0.0023666 0.00043013
-0.00236139 8.25164e-05
-0.00235618 0.000308598
-0.00235098 0.00052219
-0.00234577 0.000438138
-0.00234056 0.00010792
-0.00233536 0.000273697
-0.00233015 0.000480765
-0.00232494 0.000387801
-0.00231973 4.4434e-05
-0.00231453 0.000351332
-0.00230932 0.000567055
-0.00230411 0.000471731
-0.00229891 0.000114535
-0.0022937 0.000300498
-0.00228849 0.000530773
-0.00228329 0.000436059
-0.00227808 6.2258e-05
-0.00227287 0.000381746
-0.00226766 0.000642439
-0.00226246 0.000567915
-0.00225725 0.00019747
-0.00225204 0.000258308
-0.00224684 0.000536937
-0.00224163 0.000475028
-0.00223642 0.000103736
-0.00223122 0.000367242
-0.00222601 0.000669075
-0.0022208 0.000628454
-0.00221559 0.000268171
-0.00221039 0.000205143
-0.00220518 0.000519965
-0.00219997 0.000497197
-0.00219477 0.000154665
-0.00218956 0.000302532
-0.00218435 0.000601164
-0.00217914 0.00055992
-0.00217394 0.000197141
-0.00216873 0.000277436
-0.00216352 0.000583548
-0.00215832 0.000534579
-0.00215311 0.00014945
-0.0021479 0.000354118
-0.0021427 0.000682964
-0.00213749 0.000638253
-0.00213228 0.000233315
-0.00212707 0.000309963
-0.00212187 0.000686
-0.00211666 0.000680827
-0.00211145 0.000296717
-0.00210625 0.000246808
-0.00210104 0.000637687
-0.00209583 0.000650782
-0.00209063 0.000278577
-0.00208542 0.000263177
-0.00208021 0.000659319
-0.002075 0.000677824
-0.0020698 0.000305453
-0.00206459 0.00024285
-0.00205938 0.000647405
-0.00205418 0.000669411
-0.00204897 0.000291103
-0.00204376 0.000271741
-0.00203855 0.000693544
-0.00203335 0.000728115
-0.00202814 0.000353494
-0.00202293 0.000212675
-0.00201773 0.000637781
-0.00201252 0.000667764
-0.00200731 0.000277309
-0.00200211 0.000311635
-0.0019969 0.000755653
-0.00199169 0.000788543
-0.00198648 0.000378033
-0.00198128 0.000251411
-0.00197607 0.000744778
-0.00197086 0.000820272
-0.00196566 0.000433175
-0.00196045 0.000195862
-0.00195524 0.000706042
-0.00195004 0.000804049
-0.00194483 0.000434329
-0.00193962 0.00018728
-0.00193441 0.00069738
-0.00192921 0.000795742
-0.001924 0.00042108
-0.00191879 0.000210874
-0.00191359 0.000730566
-0.00190838 0.00082895
-0.00190317 0.000438981
-0.00189796 0.00022197
-0.00189276 0.000775095
-0.00188755 0.000898813
-0.00188234 0.000516822
-0.00187714 0.000154325
-0.00187193 0.000727486
-0.00186672 0.000867804
-0.00186152 0.000487699
-0.00185631 0.000199741
-0.0018511 0.000801492
-0.00184589 0.000971052
-0.00184069 0.000610003
-0.00183548 7.27684e-05
-0.00183027 0.000680012
-0.00182507 0.000855719
-0.00181986 0.000492829
-0.00181465 0.000202099
-0.00180945 0.000826307
-0.00180424 0.00101379
-0.00179903 0.00064924
-0.00179382 6.18771e-05
-0.00178862 0.000709438
-0.00178341 0.000915359
-0.0017782 0.000554289
-0.001773 0.0001704
-0.00176779 0.000841143
-0.00176258 0.00106665
-0.00175737 0.000709728
-0.00175217 3.02728e-05
-0.00174696 0.000729768
-0.00174175 0.000984785
-0.00173655 0.000645802
-0.00173134 9.30506e-05
-0.00172613 0.000803709
-0.00172093 0.00107092
-0.00171572 0.000733769
-0.00171051 1.85232e-05
-0.0017053 0.000753678
-0.0017001 0.00104586
-0.00169489 0.000723689
-0.00168968 2.75926e-05
-0.00168448 0.000770841
-0.00167927 0.00106955
-0.00167406 0.000742606
-0.00166886 2.71268e-05
-0.00166365 0.000795344
-0.00165844 0.00111241
-0.00165323 0.000785648
-0.00164803 4.98203e-06
-0.00164282 0.000806703
-0.00163761 0.00115372
-0.00163241 0.000837627
-0.0016272 3.13688e-05
-0.00162199 0.000806831
-0.00161678 0.00119608
-0.00161158 0.00091114
-0.00160637 0.000115085
-0.00160116 0.0007321
-0.00159596 0.0011379
-0.00159075 0.000862663
-0.00158554 6.0589e-05
-0.00158034 0.000806899
-0.00157513 0.00123682
-0.00156992 0.000976522
-0.00156471 0.00017241
-0.00155951 0.000712176
-0.0015543 0.00116398
-0.00154909 0.000918029
-0.00154389 0.00011372
-0.00153868 0.00078323
-0.00153347 0.00124963
-0.00152827 0.00100962
-0.00152306 0.000198198
-0.00151785 0.000713162
-0.00151264 0.00118797
-0.00150744 0.000937205
-0.00150223 9.14139e-05
-0.00149702 0.000869359
-0.00149182 0.00138967
-0.00148661 0.00115982
-0.0014814 0.000298193
-0.00147619 0.000712514
-0.00147099 0.00130032
-0.00146578 0.00113294
-0.00146057 0.00031061
-0.00145537 0.000689859
-0.00145016 0.00128905
-0.00144495 0.00113954
-0.00143975 0.000327576
-0.00143454 0.000675728
-0.00142933 0.00128676
-0.00142412 0.00114821
-0.00141892 0.000337849
-0.00141371 0.00067502
-0.0014085 0.00130138
-0.0014033 0.00117573
-0.00139809 0.000370972
-0.00139288 0.000641381
-0.00138768 0.00126443
-0.00138247 0.00112501
-0.00137726 0.000295334
-0.00137205 0.000743763
-0.00136685 0.00137924
-0.00136164 0.00122334
-0.00135643 0.000344271
-0.00135123 0.000766017
-0.00134602 0.00147155
-0.00134081 0.00135978
-0.0013356 0.000484128
-0.0013304 0.000660762
-0.00132519 0.00141969
-0.00131998 0.00135342
-0.00131478 0.000493913
-0.00130957 0.000670687
-0.00130436 0.00147475
-0.00129916 0.00145813
-0.00129395 0.00063241
-0.00128874 0.000524468
-0.00128353 0.00134365
-0.00127833 0.00135249
-0.00127312 0.000549368
-0.00126791 0.00059427
-0.00126271 0.00140711
-0.0012575 0.00140914
-0.00125229 0.000593568
-0.00124709 0.000565768
-0.00124188 0.00138796
-0.00123667 0.00138222
-0.00123146 0.000537929
-0.00122626 0.000663039
-0.00122105 0.00152185
-0.00121584 0.00152857
-0.00121064 0.000663017
-0.00120543 0.000586026
-0.00120022 0.00149797
-0.00119501 0.00153611
-0.00118981 0.000661853
-0.0011846 0.000636232
-0.00117939 0.00161864
-0.00117419 0.00171942
-0.00116898 0.000874412
-0.00116377 0.000437723
-0.00115857 0.00146791
-0.00115336 0.00162729
-0.00114815 0.000827887
-0.00114294 0.000464458
-0.00113774 0.00149751
-0.00113253 0.00166734
-0.00112732 0.000869305
-0.00112212 0.000438766
-0.00111691 0.00149959
-0.0011117 0.00169494
-0.0011065 0.000906019
-0.00110129 0.000414327
-0.00109608 0.00150135
-0.00109087 0.00172139
-0.00108567 0.000941677
-0.00108046 0.000388741
-0.00107525 0.00149624
-0.00107005 0.00173088
-0.00106484 0.000946313
-0.00105963 0.000410445
-0.00105442 0.00155396
-0.00104922 0.00181466
-0.00104401 0.00102973
-0.0010388 0.000357434
-0.0010336 0.00154945
-0.00102839 0.00185531
-0.00102318 0.00109284
-0.00101798 0.000301304
-0.00101277 0.0015204
-0.00100756 0.00185343
-0.00100235 0.00109889
-0.000997147 0.00031446
-0.00099194 0.00157242
-0.000986733 0.00194602
-0.000981526 0.00121602
-0.000976319 0.000196227
-0.000971112 0.00146999
-0.000965905 0.00186091
-0.000960698 0.00113588
-0.000955491 0.00028671
-0.000950284 0.00157594
-0.000945077 0.00197047
-0.00093987 0.00122496
-0.000934663 0.000240196
-0.000929456 0.00157642
-0.000924249 0.0019974
-0.000919042 0.00123945
-0.000913835 0.000277233
-0.000908628 0.00168379
-0.000903421 0.00216225
-0.000898214 0.00142192
-0.000893007 0.000124924
-0.0008878 0.00159349
-0.000882593 0.00213386
-0.000877386 0.00142383
-0.000872179 0.000139016
-0.000866972 0.00166033
-0.000861765 0.00226198
-0.000856558 0.00159021
-0.00085135 2.43987e-05
-0.000846143 0.00153705
-0.000840936 0.00219307
-0.000835729 0.00156154
-0.000830522 3.632e-06
-0.000825315 0.00158131
-0.000820108 0.00227463
-0.000814901 0.00167185
-0.000809694 0.000121057
-0.000804487 0.00147464
-0.00079928 0.00217916
-0.000794073 0.00156891
-0.000788866 1.54963e-05
-0.000783659 0.00166048
-0.000778452 0.00240628
-0.000773245 0.00180601
-0.000768038 0.000191659
-0.000762831 0.00151046
-0.000757624 0.0023122
-0.000752417 0.00173762
-0.00074721 0.000105311
-0.000742003 0.00164821
-0.000736796 0.00250589
-0.000731589 0.00195978
-0.000726382 0.000310975
-0.000721175 0.00149725
-0.000715968 0.00242035
-0.00071076 0.00191716
-0.000705553 0.000267752
-0.000700346 0.00158233
-0.000695139 0.00256504
-0.000689932 0.00210793
-0.000684725 0.00046919
-0.000679518 0.00140723
-0.000674311 0.00243574
-0.000669104 0.00201935
-0.000663897 0.000399977
-0.00065869 0.00147725
-0.000653483 0.00251063
-0.000648276 0.00208454
-0.000643069 0.000434171
-0.000637862 0.00148305
-0.000632655 0.00253953
-0.000627448 0.00209537
-0.000622241 0.000379472
-0.000617034 0.00163182
-0.000611827 0.00277375
-0.00060662 0.00236938
-0.000601413 0.000630416
-0.000596206 0.00145413
-0.000590999 0.00268292
-0.000585792 0.0023376
-0.000580585 0.0006055
-0.000575378 0.00151923
-0.00057017 0.00280449
-0.000564963 0.00249373
-0.000559756 0.000750629
-0.000554549 0.00142631
-0.000549342 0.00277569
-0.000544135 0.00250415
-0.000538928 0.000752966
-0.000533721 0.00147416
-0.000528514 0.00288602
-0.000523307 0.00265261
-0.0005181 0.000893622
-0.000512893 0.00138061
-0.000507686 0.00284794
-0.000502479 0.00264195
-0.000497272 0.000863223
-0.000492065 0.00146671
-0.000486858 0.00298924
-0.000481651 0.00279718
-0.000476444 0.000971248
-0.000471237 0.00145174
-0.00046603 0.00306821
-0.000460823 0.0029197
-0.000455616 0.0010578
-0.000450409 0.00147005
-0.000445202 0.0032138
-0.000439995 0.00315636
-0.000434788 0.00130944
-0.000429581 0.00127983
-0.000424373 0.00312305
-0.000419166 0.00314828
-0.000413959 0.00132664
-0.000408752 0.00129908
-0.000403545 0.00320792
-0.000398338 0.00327911
-0.000393131 0.00144845
-0.000387924 0.00124194
-0.000382717 0.00323702
-0.00037751 0.00336829
-0.000372303 0.00153975
-0.000367096 0.00120217
-0.000361889 0.00326388
-0.000356682 0.00342758
-0.000351475 0.00156848
-0.000346268 0.00125507
-0.000341061 0.00340095
-0.000335854 0.00359348
-0.000330647 0.00167587
-0.00032544 0.00127727
-0.000320233 0.0035641
-0.000315026 0.00383655
-0.000309819 0.00189307
-0.000304612 0.00118226
-0.000299405 0.00362695
-0.000294198 0.00401335
-0.000288991 0.00208524
-0.000283783 0.00107265
-0.000278576 0.00364271
-0.000273369 0.00412004
-0.000268162 0.00219454
-0.000262955 0.00104747
-0.000257748 0.00373206
-0.000252541 0.00427724
-0.000247334 0.00232278
-0.000242127 0.00103527
-0.00023692 0.00385613
-0.000231713 0.00447232
-0.000226506 0.00247193
-0.000221299 0.00103165
-0.000216092 0.00401642
-0.000210885 0.0047149
-0.000205678 0.00265688
-0.000200471 0.00102098
-0.000195264 0.0041983
-0.000190057 0.00498723
-0.00018485 0.00284646
-0.000179643 0.00106107
-0.000174436 0.00449754
-0.000169229 0.00542779
-0.000164022 0.00321788
-0.000158815 0.000947673
-0.000153608 0.00469855
-0.000148401 0.00582536
-0.000143194 0.00357787
-0.000137986 0.000844467
-0.000132779 0.00492417
-0.000127572 0.00625068
-0.000122365 0.00393641
-0.000117158 0.000802391
-0.000111951 0.00527157
-0.000106744 0.00681539
-0.000101537 0.00437665
-9.63302e-05 0.000806886
-9.11231e-05 0.00581455
-8.59161e-05 0.00766898
-8.07091e-05 0.00508041
-7.5502e-05 0.000698351
-7.0295e-05 0.00645072
-6.5088e-05 0.00875441
-5.98809e-05 0.00597238
-5.46739e-05 0.000656871
-4.94668e-05 0.00751437
-4.42598e-05 0.0105062
-3.90528e-05 0.00739727
-3.38457e-05 0.000709914
-2.86387e-05 0.00963529
-2.34317e-05 0.0141005
-1.82246e-05 0.0104673
-1.30176e-05 0.00118422
-7.81055e-06 0.0167718
-2.60352e-06 0.0299566
2.60352e-06 0.0350986
7.81055e-06 0.0299566
1.30176e-05 0.0167718
1.82246e-05 0.00118422
2.34317e-05 0.0104673
2.86387e-05 0.0141005
3.38457e-05 0.00963529
3.90528e-05 0.000709914
4.42598e-05 0.00739727
4.94668e-05 0.0105062
5.46739e-05 0.00751437
5.98809e-05 0.000656871
6.5088e-05 0.00597238
7.0295e-05 0.00875441
7.5502e-05 0.00645072
8.07091e-05 0.000698351
8.59161e-05 0.00508041
9.11231e-05 0.00766898
9.63302e-05 0.00581455
0.000101537 0.000806886
0.000106744 0.00437665
0.000111951 0.00681539
0.000117158 0.00527157
0.000122365 0.000802391
0.000127572 0.00393641
0.000132779 0.00625068
0.000137986 0.00492417
0.000143194 0.000844467
0.000148401 0.00357787
0.000153608 0.00582536
0.000158815 0.00469855
0.000164022 0.000947673
0.000169229 0.00321788
0.000174436 0.00542779
0.000179643 0.00449754
0.00018485 0.00106107
0.000190057 0.00284646
0.000195264 0.00498723
0.000200471 0.0041983
0.000205678 0.00102098
0.000210885 0.00265688
0.000216092 0.0047149
0.000221299 0.00401642
0.000226506 0.00103165
0.000231713 0.00247193
0.00023692 0.00447232
0.000242127 0.00385613
0.000247334 0.00103527
0.000252541 0.00232278
0.000257748 0.00427724
0.000262955 0.00373206
0.000268162 0.00104747
0.000273369 0.00219454
0.000278576 0.00412004
0.000283783 0.00364271
0.000288991 0.00107265
0.000294198 0.00208524
0.000299405 0.00401335
0.000304612 0.00362695
0.000309819 0.00118226
0.000315026 0.00189307
0.000320233 0.00383655
0.00032544 0.0035641
0.000330647 0.00127727
0.000335854 0.00167587
0.000341061 0.00359348
0.000346268 0.00340095
0.000351475 0.00125507
0.000356682 0.00156848
0.000361889 0.00342758
0.000367096 0.00326388
0.000372303 0.00120217
0.00037751 0.00153975
0.000382717 0.00336829
0.000387924 0.00323702
0.000393131 0.00124194
0.000398338 0.00144845
0.000403545 0.00327911
0.000408752 0.00320792
0.000413959 0.00129908
0.000419166 0.00132664
0.000424373 0.00314828
0.000429581 0.00312305
0.000434788 0.00127983
0.000439995 0.00130944
0.000445202 0.00315636
0.000450409 0.0032138
0.000455616 0.00147005
0.000460823 0.0010578
0.00046603 0.0029197
0.000471237 0.00306821
0.000476444 0.00145174
0.000481651 0.000971249
0.000486858 0.00279718
0.000492065 0.00298924
0.000497272 0.00146671
0.000502479 0.000863223
0.000507686 0.00264195
0.000512893 0.00284794
0.0005181 0.00138061
0.000523307 0.000893622
0.000528514 0.00265261
0.000533721 0.00288602
0.000538928 0.00147416
0.000544135 0.000752966
0.000549342 0.00250415
0.000554549 0.00277569
0.000559756 0.00142631
0.000564963 0.000750629
0.00057017 0.00249373
0.000575378 0.00280449
0.000580585 0.00151923
0.000585792 0.0006055
0.000590999 0.0023376
0.000596206 0.00268292
0.000601413 0.00145413
0.00060662 0.000630416
0.000611827 0.00236938
0.000617034 0.00277375
0.000622241 0.00163182
0.000627448 0.000379472
0.000632655 0.00209537
0.000637862 0.00253953
0.000643069 0.00148305
0.000648276 0.000434171
0.000653483 0.00208454
0.00065869 0.00251063
0.000663897 0.00147725
0.000669104 0.000399977
0.000674311 0.00201935
0.000679518 0.00243574
0.000684725 0.00140723
0.000689932 0.00046919
0.000695139 0.00210793
0.000700346 0.00256504
0.000705553 0.00158233
0.00071076 0.000267752
0.000715968 0.00191716
0.000721175 0.00242035
0.000726382 0.00149725
0.000731589 0.000310975
0.000736796 0.00195978
0.000742003 0.00250589
0.00074721 0.00164821
0.000752417 0.000105311
0.000757624 0.00173762
0.000762831 0.0023122
0.000768038 0.00151046
0.000773245 0.000191659
0.000778452 0.00180601
0.000783659 0.00240628
0.000788866 0.00166048
0.000794073 1.54963e-05
0.00079928 0.00156891
0.000804487 0.00217916
0.000809694 0.00147464
0.000814901 0.000121057
0.000820108 0.00167185
0.000825315 0.00227463
0.000830522 0.00158131
0.000835729 3.63202e-06
0.000840936 0.00156154
0.000846143 0.00219307
0.00085135 0.00153705
0.000856558 2.43987e-05
0.000861765 0.00159021
0.000866972 0.00226198
0.000872179 0.00166033
0.000877386 0.000139016
0.000882593 0.00142383
0.0008878 0.00213386
0.000893007 0.00159349
0.000898214 0.000124924
0.000903421 0.00142192
0.000908628 0.00216225
0.000913835 0.00168379
0.000919042 0.000277233
0.000924249 0.00123945
0.000929456 0.0019974
0.000934663 0.00157642
0.00093987 0.000240196
0.000945077 0.00122496
0.000950284 0.00197047
0.000955491 0.00157594
0.000960698 0.00028671
0.000965905 0.00113588
0.000971112 0.00186091
0.000976319 0.00146999
0.000981526 0.000196227
0.000986733 0.00121602
0.00099194 0.00194602
0.000997147 0.00157242
0.00100235 0.00031446
0.00100756 0.00109889
0.00101277 0.00185343
0.00101798 0.0015204
0.00102318 0.000301304
0.00102839 0.00109284
0.0010336 0.00185531
0.0010388 0.00154945
0.00104401 0.000357434
0.00104922 0.00102973
0.00105442 0.00181466
0.00105963 0.00155396
0.00106484 0.000410445
0.00107005 0.000946313
0.00107525 0.00173088
0.00108046 0.00149624
0.00108567 0.000388741
0.00109087 0.000941677
0.00109608 0.00172139
0.00110129 0.00150135
0.0011065 0.000414327
0.0011117 0.000906019
0.00111691 0.00169494
0.00112212 0.00149959
0.00112732 0.000438766
0.00113253 0.000869305
0.00113774 0.00166734
0.00114294 0.00149751
0.00114815 0.000464458
0.00115336 0.000827887
0.00115857 0.00162729
0.00116377 0.00146791
0.00116898 0.000437723
0.00117419 0.000874412
0.00117939 0.00171942
0.0011846 0.00161864
0.00118981 0.000636232
0.00119501 0.000661853
0.00120022 0.00153611
0.00120543 0.00149797
0.00121064 0.000586026
0.00121584 0.000663017
0.00122105 0.00152857
0.00122626 0.00152185
0.00123146 0.000663039
0.00123667 0.000537929
0.00124188 0.00138222
0.00124709 0.00138796
0.00125229 0.000565768
0.0012575 0.000593568
0.00126271 0.00140914
0.00126791 0.00140711
0.00127312 0.00059427
0.00127833 0.000549368
0.00128353 0.00135249
0.00128874 0.00134365
0.00129395 0.000524468
0.00129916 0.00063241
0.00130436 0.00145813
0.00130957 0.00147475
0.00131478 0.000670687
0.00131998 0.000493913
0.00132519 0.00135342
0.0013304 0.00141969
0.0013356 0.000660762
0.00134081 0.000484128
0.00134602 0.00135978
0.00135123 0.00147155
0.00135643 0.000766017
0.00136164 0.000344271
0.00136685 0.00122334
0.00137205 0.00137924
0.00137726 0.000743763
0.00138247 0.000295334
0.00138768 0.00112501
0.00139288 0.00126443
0.00139809 0.000641381
0.0014033 0.000370972
0.0014085 0.00117573
0.00141371 0.00130138
0.00141892 0.00067502
0.00142412 0.000337849
0.00142933 0.00114821
0.00143454 0.00128676
0.00143975 0.000675728
0.00144495 0.000327576
0.00145016 0.00113954
0.00145537 0.00128905
0.00146057 0.000689859
0.00146578 0.00031061
0.00147099 0.00113294
0.00147619 0.00130032
0.0014814 0.000712514
0.00148661 0.000298193
0.00149182 0.00115982
0.00149702 0.00138967
0.00150223 0.000869359
0.00150744 9.14139e-05
0.00151264 0.000937205
0.00151785 0.00118797
0.00152306 0.000713162
0.00152827 0.000198198
0.00153347 0.00100962
0.00153868 0.00124963
0.00154389 0.00078323
0.00154909 0.00011372
0.0015543 0.000918029
0.00155951 0.00116398
0.00156471 0.000712176
0.00156992 0.00017241
0.00157513 0.000976522
0.00158034 0.00123682
0.00158554 0.000806899
0.00159075 6.0589e-05
0.00159596 0.000862663
0.00160116 0.0011379
0.00160637 0.0007321
0.00161158 0.000115085
0.00161678 0.00091114
0.00162199 0.00119608
0.0016272 0.000806831
0.00163241 3.13688e-05
0.00163761 0.000837627
0.00164282 0.00115372
0.00164803 0.000806703
0.00165323 4.98202e-06
0.00165844 0.000785648
0.00166365 0.00111241
0.00166886 0.000795344
0.00167406 2.71268e-05
0.00167927 0.000742606
0.00168448 0.00106955
0.00168968 0.000770841
0.00169489 2.75926e-05
0.0017001 0.000723689
0.0017053 0.00104586
0.00171051 0.000753678
0.00171572 1.85232e-05
0.00172093 0.000733769
0.00172613 0.00107092
0.00173134 0.000803709
0.00173655 9.30506e-05
0.00174175 0.000645802
0.00174696 0.000984785
0.00175217 0.000729768
0.00175737 3.02727e-05
0.00176258 0.000709728
0.00176779 0.00106665
0.001773 0.000841143
0.0017782 0.0001704
0.00178341 0.000554289
0.00178862 0.000915359
0.00179382 0.000709438
0.00179903 6.18771e-05
0.00180424 0.00064924
0.00180945 0.00101379
0.00181465 0.000826307
0.00181986 0.000202099
0.00182507 0.000492829
0.00183027 0.000855719
0.00183548 0.000680012
0.00184069 7.27684e-05
0.00184589 0.000610003
0.0018511 0.000971052
0.00185631 0.000801492
0.00186152 0.000199741
0.00186672 0.000487699
0.00187193 0.000867804
0.00187714 0.000727486
0.00188234 0.000154325
0.00188755 0.000516822
0.00189276 0.000898813
0.00189796 0.000775095
0.00190317 0.00022197
0.00190838 0.000438981
0.00191359 0.00082895
0.00191879 0.000730566
0.001924 0.000210874
0.00192921 0.00042108
0.00193441 0.000795742
0.00193962 0.00069738
0.00194483 0.00018728
0.00195004 0.000434329
0.00195524 0.000804049
0.00196045 0.000706042
0.00196566 0.000195862
0.00197086 0.000433175
0.00197607 0.000820272
0.00198128 0.000744778
0.00198648 0.000251411
0.00199169 0.000378033
0.0019969 0.000788543
0.00200211 0.000755653
0.00200731 0.000311635
0.00201252 0.000277309
0.00201773 0.000667764
0.00202293 0.000637781
0.00202814 0.000212675
0.00203335 0.000353494
0.00203855 0.000728115
0.00204376 0.000693544
0.00204897 0.000271741
0.00205418 0.000291103
0.00205938 0.000669411
0.00206459 0.000647405
0.0020698 0.00024285
0.002075 0.000305453
0.00208021 0.000677824
0.00208542 0.000659319
0.00209063 0.000263177
0.00209583 0.000278577
0.00210104 0.000650782
0.00210625 0.000637687
0.00211145 0.000246808
0.00211666 0.000296717
0.00212187 0.000680827
0.00212707 0.000686
0.00213228 0.000309963
0.00213749 0.000233315
0.0021427 0.000638253
0.0021479 0.000682964
0.00215311 0.000354118
0.00215832 0.00014945
0.00216352 0.000534579
0.00216873 0.000583548
0.00217394 0.000277436
0.00217914 0.000197141
0.00218435 0.00055992
0.00218956 0.000601164
0.00219477 0.000302532
0.00219997 0.000154665
0.00220518 0.000497197
0.00221039 0.000519965
0.00221559 0.000205143
0.0022208 0.000268171
0.00222601 0.000628453
0.00223122 0.000669075
0.00223642 0.000367242
0.00224163 0.000103736
0.00224684 0.000475027
0.00225204 0.000536937
0.00225725 0.000258308
0.00226246 0.00019747
0.00226766 0.000567915
0.00227287 0.000642439
0.00227808 0.000381746
0.00228329 6.2258e-05
0.00228849 0.000436059
0.0022937 0.000530773
0.00229891 0.000300498
0.00230411 0.000114535
0.00230932 0.000471731
0.00231453 0.000567055
0.00231973 0.000351332
0.00232494 4.4434e-05
0.00233015 0.000387801
0.00233536 0.000480765
0.00234056 0.000273697
0.00234577 0.00010792
0.00235098 0.000438138
0.00235618 0.00052219
0.00236139 0.000308598
0.0023666 8.25164e-05
0.00237181 0.00043013
0.00237701 0.000540104
0.00238222 0.000355919
0.00238743 1.09553e-05
0.00239263 0.000347368
0.00239784 0.00046201
0.00240305 0.00029447
0.00240825 5.25266e-05
0.00241346 0.000375013
0.00241867 0.000486848
0.00242388 0.000326705
0.00242908 8.30364e-06
0.00243429 0.000320641
0.0024395 0.000427415
0.0024447 0.000265653
0.00244991 7.24836e-05
0.00245512 0.000393844
0.00246032 0.000515618
0.00246553 0.000369448
0.00247074 3.90126e-05
0.00247595 0.000289316
0.00248115 0.000433271
0.00248636 0.000317251
0.00249157 1.25528e-05
0.00249677 0.000306208
0.00250198 0.000461859
0.00250719 0.000374118
0.0025124 0.000101379
0.0025176 0.000197239
0.00252281 0.000355685
0.00252802 0.00029548
0.00253322 6.69394e-05
0.00253843 0.000184855
0.00254364 0.000307511
0.00254884 0.000230225
0.00255405 2.67501e-06
0.00255926 0.000237366
0.00256447 0.000347171
0.00256967 0.000263443
0.00257488 3.86968e-05
0.00258009 0.000190819
0.00258529 0.000285964
0.0025905 0.000186601
0.00259571 5.31402e-05
0.00260091 0.000296218
0.00260612 0.000401884
0.00261133 0.000306539
0.00261654 5.97337e-05
0.00262174 0.000204769
0.00262695 0.000345367
0.00263216 0.00029207
0.00263736 8.37205e-05
0.00264257 0.000157257
0.00264778 0.000296656
0.00265299 0.000264657
0.00265819 9.27113e-05
0.0026634 0.000108883
0.00266861 0.000218133
0.00267381 0.000173191
0.00267902 7.1106e-06
0.00268423 0.00017388
0.00268943 0.00025476
0.00269464 0.000180403
0.00269985 1.16616e-05
0.00270506 0.00021318
0.00271026 0.000308499
0.00271547 0.000242106
0.00272068 5.11454e-05
0.00272588 0.000155681
0.00273109 0.000260305
0.0027363 0.000202528
0.0027415 1.37775e-05
0.00274671 0.000201512
0.00275192 0.000325591
0.00275713 0.000293648
0.00276233 0.000128919
0.00276754 7.25804e-05
0.00277275 0.000197974
0.00277795 0.000181444
0.00278316 3.97322e-05
0.00278837 0.000140192
0.00279358 0.000253012
0.00279878 0.000235894
0.00280399 0.000103345
0.0028092 6.3168e-05
0.0028144 0.000163782
0.00281961 0.000138339
0.00282482 5.7416e-07
0.00283002 0.000170616
0.00283523 0.00027695
0.00284044 0.000256764
0.00284565 0.000119255
0.00285085 6.18763e-05
0.00285606 0.000190777
0.00286127 0.000202977
0.00286647 9.97349e-05
0.00287168 5.53579e-05
0.00287689 0.000174207
0.00288209 0.000193891
0.0028873 0.000109825
0.00289251 2.54686e-05
0.00289772 0.000135632
0.00290292 0.000165353
0.00290813 0.000110696
0.00291334 1.81387e-05
0.00291854 4.57366e-05
0.00292375 3.51537e-05
0.00292896 4.75899e-05
0.00293417 0.000154023
0.00293937 0.00021875
0.00294458 0.000198434
0.00294979 9.77139e-05
0.00295499 3.27017e-05
0.0029602 0.000124263
0.00296541 0.000128657
0.00297061 4.4106e-05
0.00297582 8.44732e-05
0.00298103 0.000190758
0.00298624 0.000222884
0.00299144 0.000169798
0.00299665 6.42519e-05
0.00300186 3.77968e-05
0.00300706 8.8555e-05
0.00301227 7.26081e-05
0.00301748 1.12977e-05
0.00302268 5.34057e-05
0.00302789 8.46308e-05
0.0030331 7.04772e-05
0.00303831 2.72038e-05
0.00304351 1.45384e-05
0.00304872 3.0708e-05
0.00305393 1.8772e-05
0.00305913 2.29942e-06
0.00306434 6.17214e-06
0.00306955 2.20338e-05
0.00307476 7.43325e-05
0.00307996 0.000123169
0.00308517 0.000137603
0.00309038 0.000102658
0.00309558 3.01141e-05
0.00310079 4.59785e-05
0.003106 8.68754e-05
0.0031112 7.00006e-05
0.00311641 1.41514e-06
0.00312162 8.70077e-05
0.00312683 0.000154018
0.00313203 0.000169931
0.00313724 0.000130823
0.00314245 5.88202e-05
0.00314765 1.08485e-05
0.00315286 4.84043e-05
0.00315807 4.3588e-05
0.00316327 8.36162e-06
0.00316848 3.20216e-05
0.00317369 5.36591e-05
0.0031789 4.60268e-05
0.0031841 1.53951e-05
0.00318931 2.10521e-05
0.00319452 4.60062e-05
0.00319972 5.12738e-05
0.00320493 4.07235e-05
0.00321014 2.62782e-05
0.00321535 2.01641e-05
0.00322055 2.81695e-05
0.00322576 4.73554e-05
0.00323097 6.86682e-05
0.00323617 8.21988e-05
0.00324138 8.18858e-05
0.00324659 6.74783e-05
0.00325179 4.35553e-05
0.003257 1.69565e-05
0.00326221 5.71078e-06
0.00326742 1.9617e-05
0.00327262 2.24422e-05
0.00327783 1.48125e-05
0.00328304 5.40934e-07
0.00328824 1.38879e-05
0.00329345 2.12423e-05
0.00329866 1.67159e-05
0.00330386 9.45937e-07
0.00330907 1.91799e-05
0.00331428 3.32521e-05
0.00331949 3.29225e-05
0.00332469 1.75246e-05
0.0033299 3.8585e-06
0.00333511 1.59923e-05
0.00334031 5.68582e-06
0.00334552 2.96215e-05
0.00335073 7.8105e-05
0.00335594 0.000117767
0.00336114 0.000127382
0.00336635 9.86969e-05
0.00337156 4.29142e-05
0.00337676 1.30215e-05
0.00338197 3.93671e-05
0.00338718 1.93641e-05
0.00339238 4.07459e-05
0.00339759 0.000113498
0.0034028 0.000163556
0.00340801 0.000165919
0.00341321 0.000119185
0.00341842 4.64651e-05
0.00342363 1.68328e-05
0.00342883 4.18095e-05
0.00343404 2.11486e-05
0.00343925 2.78629e-05
0.00344445 7.39224e-05
0.00344966 8.97464e-05
0.00345487 6.71651e-05
0.00346008 2.06573e-05
0.00346528 2.25073e-05
0.00347049 3.94675e-05
0.0034757 2.59157e-05
0.0034809 1.40639e-06
0.00348611 1.54889e-05
0.00349132 3.30425e-06
0.00349653 5.34913e-05
0.00350173 0.000111325
0.00350694 0.000143573
0.00351215 0.00012716
0.00351735 6.41434e-05
0.00352256 1.71834e-05
0.00352777 7.6441e-05
0.00353297 8.30163e-05
0.00353818 3.33099e-05
0.00354339 4.6607e-05
0.0035486 0.000114748
0.0035538 0.000135825
0.00355901 0.000100038
0.00356422 2.75145e-05
0.00356942 4.39179e-05
0.00357463 8.038e-05
0.00357984 7.04551e-05
0.00358504 3.00341e-05
0.00359025 8.90147e-06
0.00359546 1.84811e-05
0.00360067 8.12947e-06
0.00360587 5.32008e-05
0.00361108 8.62458e-05
0.00361629 8.37835e-05
0.00362149 4.48345e-05
0.0036267 7.51991e-06
0.00363191 3.97166e-05
0.00363711 2.8333e-05
0.00364232 2.48255e-05
0.00364753 9.26282e-05
0.00365274 0.000137999
0.00365794 0.000135808
0.00366315 8.80972e-05
0.00366836 2.32081e-05
0.00367356 2.10716e-05
0.00367877 2.04511e-05
0.00368398 2.06991e-05
0.00368919 7.14862e-05
0.00369439 9.31807e-05
0.0036996 6.35339e-05
0.00370481 8.03286e-06
0.00371001 8.41365e-05
0.00371522 0.00012068
0.00372043 9.35528e-05
0.00372563 1.48317e-05
0.00373084 7.18555e-05
0.00373605 0.000115114
0.00374126 8.54968e-05
0.00374646 6.16056e-06
0.00375167 0.00011306
0.00375688 0.000177794
0.00376208 0.000164701
0.00376729 8.06795e-05
0.0037725 2.79019e-05
0.0037777 0.000100934
0.00378291 9.85054e-05
0.00378812 2.35763e-05
0.00379333 7.98623e-05
0.00379853 0.000152288
0.00380374 0.000153159
0.00380895 8.43431e-05
0.00381415 1.13512e-05
0.00381936 7.58651e-05
0.00382457 7.08309e-05
0.00382978 1.10063e-06
0.00383498 8.73498e-05
0.00384019 0.000134371
0.0038454 0.00010187
0.0038506 2.12862e-06
0.00385581 0.000126285
0.00386102 0.000204688
0.00386622 0.000195168
0.00387143 0.000104707
0.00387664 1.34751e-05
0.00388185 9.01869e-05
0.00388705 8.06846e-05
0.00389226 8.41441e-06
0.00389747 0.000122029
0.00390267 0.000188419
0.00390788 0.000161855
0.00391309 5.11356e-05
0.00391829 8.34308e-05
0.0039235 0.000163898
0.00392871 0.000140453
0.00393392 2.24922e-05
0.00393912 0.000123876
0.00394433 0.000211734
0.00394954 0.00018299
0.00395474 4.33635e-05
0.00395995 0.000138036
0.00396516 0.000265525
0.00397037 0.000270044
0.00397557 0.000148806
0.00398078 3.15475e-05
0.00398599 0.000170889
0.00399119 0.000191021
0.0039964 7.95101e-05
0.00400161 0.000102993
0.00400681 0.000256461
0.00401202 0.000297498
0.00401723 0.000206072
0.00402244 3.64633e-05
0.00402764 0.000113909
0.00403285 0.000160174
0.00403806 7.85543e-05
0.00404326 7.99304e-05
0.00404847 0.000218529
0.00405368 0.000250136
0.00405888 0.000147438
0.00406409 4.0799e-05
0.0040693 0.000216691
0.00407451 0.000288175
0.00407971 0.000220698
0.00408492 5.63068e-05
0.00409013 0.000110577
0.00409533 0.000186719
0.00410054 0.000132342
0.00410575 1.75871e-05
0.00411096 0.000174819
0.00411616 0.000249247
0.00412137 0.000200472
0.00412658 5.98905e-05
0.00413178 8.90358e-05
0.00413699 0.00016038
0.0041422 0.000116083
0.0041474 1.23374e-05
0.00415261 0.000143204
0.00415782 0.000193627
0.00416303 0.000129138
0.00416823 1.52628e-05
0.00417344 0.000155189
0.00417865 0.000206521
0.00418385 0.000135622
0.00418906 1.94497e-05
0.00419427 0.000169572
0.00419947 0.000225504
0.00420468 0.000149791
0.00420989 2.05933e-05
0.0042151 0.000194345
0.0042203 0.000277447
0.00422551 0.000226716
0.00423072 7.43724e-05
0.00423592 9.06752e-05
0.00424113 0.000174163
0.00424634 0.000130813
0.00425155 9.75966e-06
0.00425675 0.000160652
0.00426196 0.000228655
0.00426717 0.000169061
0.00427237 1.23735e-05
0.00427758 0.00015284
0.00428279 0.000231296
0.00428799 0.000176901
0.0042932 2.06954e-05
0.00429841 0.00014576
0.00430362 0.00022242
0.00430882 0.000158492
0.00431403 1.74146e-05
0.00431924 0.000212387
0.00432444 0.000321262
0.00432965 0.000286031
0.00433486 0.000128615
0.00434006 6.18131e-05
0.00434527 0.000179758
0.00435048 0.000163438
0.00435569 2.95231e-05
0.00436089 0.000137275
0.0043661 0.000233683
0.00437131 0.000197858
0.00437651 4.53243e-05
0.00438172 0.000139881
0.00438693 0.00025375
0.00439214 0.000232571
0.00439734 9.01575e-05
0.00440255 8.95014e-05
0.00440776 0.000200094
0.00441296 0.000173956
0.00441817 2.11929e-05
0.00442338 0.000175509
0.00442858 0.000307485
0.00443379 0.000301515
0.004439 0.000161059
0.00444421 3.60811e-05
0.00444941 0.000182116
0.00445462 0.00020014
0.00445983 8.682e-05
0.00446503 8.71573e-05
0.00447024 0.000218594
0.00447545 0.000231057
0.00448065 0.000117854
0.00448586 5.55915e-05
0.00449107 0.00019071
0.00449628 0.000213115
0.00450148 0.000115061
0.00450669 4.12228e-05
0.0045119 0.000160718
0.0045171 0.000171345
0.00452231 6.57529e-05
0.00452752 9.4877e-05
0.00453273 0.000216874
0.00453793 0.000228722
0.00454314 0.000122502
0.00454835 4.17808e-05
0.00455355 0.000171189
0.00455876 0.000193596
0.00456397 9.89572e-05
0.00456917 5.56478e-05
0.00457438 0.000179731
0.00457959 0.00020196
0.0045848 0.000110933
0.00459 3.93307e-05
0.00459521 0.000161934
0.00460042 0.000188323
0.00460562 0.000108135
0.00461083 2.5485e-05
0.00461604 0.000127887
0.00462124 0.000133254
0.00462645 3.36585e-05
0.00463166 0.000115985
0.00463687 0.00022987
0.00464207 0.000241346
0.00464728 0.000141769
0.00465249 1.44928e-05
0.00465769 0.000141691
0.0046629 0.000172359
0.00466811 9.59692e-05
0.00467332 3.59105e-05
0.00467852 0.000140726
0.00468373 0.000153886
0.00468894 6.67193e-05
0.00469414 6.88118e-05
0.00469935 0.000171319
0.00470456 0.000178662
0.00470976 8.53442e-05
0.00471497 5.35028e-05
0.00472018 0.000154078
0.00472539 0.00015318
0.00473059 4.58964e-05
0.0047358 0.000110527
0.00474101 0.000229167
0.00474621 0.000243484
0.00475142 0.00014582
0.00475663 8.17056e-06
0.00476183 0.000131847
0.00476704 0.000157887
0.00477225 7.72324e-05
0.00477746 5.61078e-05
0.00478266 0.00015724
0.00478787 0.00016076
0.00479308 5.97657e-05
0.00479828 8.95399e-05
0.00480349 0.000200618
0.0048087 0.000207767
0.00481391 0.000105716
0.00481911 4.58718e-05
0.00482432 0.000156174
0.00482953 0.000156065
0.00483473 3.93894e-05
0.00483994 0.000131691
0.00484515 0.000261051
0.00485035 0.000273396
0.00485556 0.000158111
0.00486077 2.33464e-05
0.00486598 0.000171316
0.00487118 0.000204177
0.00487639 0.000105037
0.0048816 6.79145e-05
0.0048868 0.000213615
0.00489201 0.000244898
0.00489722 0.000137766
0.00490242 5.47265e-05
0.00490763 0.000231851
0.00491284 0.000301198
0.00491805 0.00022968
0.00492325 6.09116e-05
0.00492846 0.000110416
0.00493367 0.000192209
0.00493887 0.000146038
0.00494408 6.88261e-06
0.00494929 0.000138989
0.0049545 0.000204604
0.0049597 0.000151965
0.00496491 1.25047e-05
0.00497012 0.000132788
0.00497532 0.000201371
0.00498053 0.000157096
0.00498574 3.04285e-05
0.00499094 0.000100345
0.00499615 0.000155445
0.00500136 0.000100217
0.00500657 3.50874e-05
0.00501177 0.000173591
0.00501698 0.000237127
0.00502219 0.000191954
0.00502739 6.81426e-05
0.0050326 5.85749e-05
0.00503781 0.000111735
0.00504301 5.94984e-05
0.00504822 6.61578e-05
0.00505343 0.000187717
0.00505864 0.000227363
0.00506384 0.000152923
0.00506905 2.22497e-06
0.00507426 0.000157043
0.00507946 0.000228443
0.00508467 0.000178525
0.00508988 3.63678e-05
0.00509509 0.000118138
0.00510029 0.00019918
0.0051055 0.000163024
0.00511071 3.18946e-05
0.00511591 0.000119588
0.00512112 0.000207277
0.00512633 0.000184959
0.00513153 6.93976e-05
0.00513674 7.09071e-05
0.00514195 0.000156155
0.00514716 0.00014124
0.00515236 4.08323e-05
0.00515757 8.04624e-05
0.00516278 0.000146619
0.00516798 0.00011469
0.00517319 5.00053e-07
0.0051784 0.000135437
0.0051836 0.000215053
0.00518881 0.000196037
0.00519402 9.11943e-05
0.00519923 3.89974e-05
0.00520443 0.000122231
0.00520964 0.000116423
0.00521485 3.33988e-05
0.00522005 6.93473e-05
0.00522526 0.000123628
0.00523047 9.14863e-05
0.00523568 1.20541e-05
0.00524088 0.00012774
0.00524609 0.000187166
0.0052513 0.000153544
0.0052565 4.4201e-05
0.00526171 7.85307e-05
0.00526692 0.000142923
0.00527212 0.00010938
0.00527733 6.2123e-06
0.00528254 0.000140967
0.00528775 0.000220571
0.00529295 0.000201566
0.00529816 9.60625e-05
0.00530337 3.52746e-05
0.00530857 0.000117906
0.00531378 0.000105858
0.00531899 7.66837e-06
0.00532419 0.00011886
0.0053294 0.000199833
0.00533461 0.000187218
0.00533982 8.55951e-05
0.00534502 5.13262e-05
0.00535023 0.000151963
0.00535544 0.000167614
0.00536064 9.92601e-05
0.00536585 4.68573e-06
0.00537106 7.78355e-05
0.00537627 7.50194e-05
0.00538147 1.62007e-06
0.00538668 0.000104583
0.00539189 0.000169531
0.00539709 0.000153477
0.0054023 6.03115e-05
0.00540751 6.11762e-05
0.00541271 0.000145517
0.00541792 0.000148545
0.00542313 7.30562e-05
0.00542834 3.27296e-05
0.00543354 0.000102998
0.00543875 9.23753e-05
0.00544396 2.24206e-06
0.00544916 0.00011978
0.00545437 0.000206816
0.00545958 0.000210674
0.00546478 0.00012903
0.00546999 6.45955e-06
0.0054752 9.10499e-05
0.00548041 0.000113383
0.00548561 5.41056e-05
0.00549082 4.68014e-05
0.00549603 0.000126415
0.00550123 0.000134818
0.00550644 6.29565e-05
0.00551165 5.31562e-05
0.00551686 0.000153689
0.00552206 0.000189022
0.00552727 0.000146935
0.00553248 5.77392e-05
0.00553768 2.48437e-05
0.00554289 5.53437e-05
0.0055481 2.2161e-05
0.0055533 4.74258e-05
0.00555851 0.000105109
0.00556372 0.000111187
0.00556893 5.82996e-05
0.00557413 2.45643e-05
0.00557934 8.98231e-05
0.00558455 0.000100006
0.00558975 5.031e-05
0.00559496 2.83041e-05
0.00560017 8.72405e-05
0.00560537 8.8906e-05
0.00561058 2.90241e-05
0.00561579 6.04495e-05
0.005621 0.000129525
0.0056262 0.000138905
0.00563141 8.25861e-05
0.00563662 8.71576e-06
0.00564182 8.51979e-05
0.00564703 0.000106402
0.00565224 6.40396e-05
0.00565745 1.38262e-05
0.00566265 7.94152e-05
0.00566786 9.29043e-05
0.00567307 4.51284e-05
0.00567827 3.76183e-05
0.00568348 0.000109161
0.00568869 0.000130152
0.00569389 9.04206e-05
0.0056991 1.42362e-05
0.00570431 5.42173e-05
0.00570952 7.64618e-05
0.00571472 4.15406e-05
0.00571993 2.83882e-05
0.00572514 9.15271e-05
0.00573034 0.000110815
0.00573555 7.49509e-05
0.00574076 4.07443e-06
0.00574596 6.27516e-05
0.00575117 9.05372e-05
0.00575638 6.82443e-05
0.00576159 1.41068e-05
0.00576679 3.62853e-05
0.005772 5.16793e-05
0.00577721 2.35974e-05
0.00578241 2.9329e-05
0.00578762 7.34365e-05
0.00579283 8.10398e-05
0.00579804 4.76415e-05
0.00580324 5.05447e-06
0.00580845 4.22091e-05
0.00581366 3.72484e-05
0.00581886 1.1207e-05
0.00582407 7.71811e-05
0.00582928 0.000121619
0.00583448 0.000115051
0.00583969 5.54994e-05
0.0058449 2.90156e-05
0.00585011 9.52487e-05
0.00585531 0.000108704
0.00586052 6.33104e-05
0.00586573 1.44748e-05
0.00587093 7.96923e-05
0.00587614 9.34334e-05
0.00588135 4.43521e-05
0.00588655 4.47443e-05
0.00589176 0.000128821
0.00589697 0.000164427
0.00590218 0.000132345
0.00590738 4.69162e-05
0.00591259 5.25425e-05
0.0059178 0.000122958
0.005923 0.000139411
0.00592821 0.000105976
0.00593342 5.03484e-05
0.00593863 6.32988e-06
0.00594383 5.3246e-06
0.00594904 1.31081e-05
0.00595425 4.04457e-05
0.00595945 5.14482e-05
0.00596466 3.30003e-05
0.00596987 8.04545e-06
0.00597507 4.96855e-05
0.00598028 6.88758e-05
0.00598549 5.61107e-05
0.0059907 2.15538e-05
0.0059959 1.09866e-05
0.00600111 1.8605e-05
0.00600632 6.38884e-06
0.00601152 5.10556e-05
0.00601673 8.8757e-05
0.00602194 9.46028e-05
0.00602714 6.05076e-05
0.00603235 1.0157e-06
0.00603756 5.3766e-05
0.00604277 7.44556e-05
0.00604797 4.89311e-05
0.00605318 1.01314e-05
0.00605839 7.10588e-05
0.00606359 9.93529e-05
0.0060688 7.56218e-05
0.00607401 5.75749e-06
0.00607922 8.18989e-05
0.00608442 0.000150685
0.00608963 0.000173461
0.00609484 0.000144954
0.00610004 8.26794e-05
0.00610525 1.67055e-05
0.00611046 2.57366e-05
0.00611566 3.26654e-05
0.00612087 1.08529e-05
0.00612608 2.03573e-05
0.00613129 4.06277e-05
0.00613649 3.89951e-05
0.0061417 1.78491e-05
0.00614691 1.06423e-05
0.00615211 3.26457e-05
0.00615732 4.02639e-05
0.00616253 3.45611e-05
0.00616773 2.30648e-05
0.00617294 1.40535e-05
0.00617815 1.14648e-05
0.00618336 1.33713e-05
0.00618856 1.44511e-05
0.00619377 1.03741e-05
0.00619898 1.04767e-06
0.00620418 9.35687e-06
0.00620939 1.54645e-05
0.0062146 1.47287e-05
0.00621981 9.74549e-06
0.00622501 7.27565e-06
0.00623022 1.44468e-05
0.00623543 3.43149e-05
0.00624063 6.33423e-05
0.00624584 9.22454e-05
0.00625105 0.000109795
0.00625625 0.000107619
0.00626146 8.36785e-05
0.00626667 4.29496e-05
0.00627188 4.66982e-06
0.00627708 4.7969e-05
0.00628229 7.79072e-05
0.0062875 8.98025e-05
0.0062927 8.39228e-05
0.00629791 6.48271e-05
0.00630312 3.99585e-05
0.00630832 1.77771e-05
0.00631353 5.54711e-06
0.00631874 7.04416e-06
0.00632395 2.08643e-05
0.00632915 4.02795e-05
0.00633436 5.5284e-05
0.00633957 5.65244e-05
0.00634477 3.9647e-05
0.00634998 7.95314e-06
0.00635519 2.82973e-05
0.0063604 5.60774e-05
0.0063656 6.5552e-05
0.00637081 5.49006e-05
0.00637602 3.14068e-05
0.00638122 8.00141e-06
0.00638643 3.17285e-06
0.00639164 3.08165e-06
0.00639684 2.23824e-05
0.00640205 4.31069e-05
0.00640726 5.25186e-05
0.00641247 4.34376e-05
0.00641767 1.79238e-05
0.00642288 1.39251e-05
0.00642809 3.92836e-05
0.00643329 4.9044e-05
0.0064385 4.19205e-05
0.00644371 2.41834e-05
0.00644891 5.51758e-06
0.00645412 6.37229e-06
0.00645933 9.27498e-06
0.00646454 6.3053e-06
0.00646974 2.58779e-06
0.00647495 1.209e-06
0.00648016 1.1651e-06
0.00648536 1.39136e-06
0.00649057 9.53621e-06
0.00649578 2.21479e-05
0.00650099 3.32005e-05
0.00650619 3.46059e-05
0.0065114 2.11062e-05
0.00651661 5.77552e-06
0.00652181 3.73805e-05
0.00652702 6.17667e-05
0.00653223 6.98162e-05
0.00653743 6.01379e-05
0.00654264 3.98213e-05
0.00654785 2.04316e-05
0.00655306 1.14354e-05
0.00655826 1.4849e-05
0.00656347 2.42864e-05
0.00656868 2.90536e-05
0.00657388 2.09419e-05
0.00657909 3.09267e-07
0.0065843 2.62244e-05
0.0065895 4.41268e-05
0.00659471 4.44764e-05
0.00659992 2.67367e-05
0.00660513 2.2929e-07
0.00661033 2.0712e-05
0.00661554 2.46508e-05
0.00662075 9.5238e-06
0.00662595 1.60725e-05
0.00663116 3.75999e-05
0.00663637 4.26604e-05
0.00664158 2.78505e-05
0.00664678 4.95268e-07
0.00665199 2.5681e-05
0.0066572 3.83964e-05
0.0066624 3.36286e-05
0.00666761 1.75298e-05
0.00667282 2.4668e-06
0.00667802 3.68473e-07
0.00668323 1.2596e-05
0.00668844 3.55e-05
0.00669365 5.67274e-05
0.00669885 6.56642e-05
0.00670406 5.84101e-05
0.00670927 3.91271e-05
0.00671447 1.65181e-05
0.00671968 2.03512e-06
0.00672489 1.47767e-05
0.00673009 2.5558e-05
0.0067353 3.96514e-05
0.00674051 5.83882e-05
0.00674572 7.652e-05
0.00675092 8.45266e-05
0.00675613 7.48142e-05
0.00676134 4.7931e-05
0.00676654 1.44547e-05
0.00677175 9.43578e-06
0.00677696 1.07935e-05
0.00678217 1.18474e-05
0.00678737 4.60295e-05
0.00679258 7.09514e-05
0.00679779 6.86137e-05
0.00680299 3.44774e-05
0.0068082 1.86822e-05
0.00681341 6.65504e-05
0.00681861 8.60668e-05
0.00682382 6.8345e-05
0.00682903 2.43008e-05
0.00683424 2.06689e-05
0.00683944 4.05097e-05
0.00684465 2.33722e-05
0.00684986 2.0913e-05
0.00685506 6.5352e-05
0.00686027 8.02647e-05
0.00686548 4.99553e-05
0.00687068 1.77223e-05
0.00687589 9.4503e-05
0.0068811 0.000146174
0.00688631 0.000150601
0.00689151 0.000109398
0.00689672 4.67337e-05
0.00690193 4.13931e-06
0.00690713 1.91465e-05
0.00691234 3.74684e-06
0.00691755 4.4255e-05
0.00692276 7.21512e-05
0.00692796 6.52019e-05
0.00693317 2.2371e-05
0.00693838 3.53155e-05
0.00694358 7.68189e-05
0.00694879 7.92059e-05
0.006954 4.14373e-05
0.0069592 1.42083e-05
0.00696441 5.41278e-05
0.00696962 5.22071e-05
0.00697483 4.89653e-06
0.00698003 6.60112e-05
0.00698524 0.000124613
0.00699045 0.000140012
0.00699565 0.000102792
0.00700086 2.98536e-05
0.00700607 4.49011e-05
0.00701127 8.86526e-05
0.00701648 8.64665e-05
0.00702169 4.77166e-05
0.0070269 9.27972e-07
0.0070321 3.14441e-05
0.00703731 3.00289e-05
0.00704252 3.62006e-06
0.00704772 2.58136e-05
0.00705293 3.52901e-05
0.00705814 1.4639e-05
0.00706335 2.78637e-05
0.00706855 7.09365e-05
0.00707376 9.30975e-05
0.00707897 8.49549e-05
0.00708417 5.37523e-05
0.00708938 1.78551e-05
0.00709459 4.99211e-06
0.00709979 8.17242e-06
0.007105 9.75425e-07
0.00711021 7.48622e-06
0.00711542 8.26064e-08
0.00712062 2.10701e-05
0.00712583 4.24698e-05
0.00713104 4.74777e-05
0.00713624 2.75381e-05
0.00714145 9.96736e-06
0.00714666 4.39034e-05
0.00715186 5.09806e-05
0.00715707 2.02762e-05
0.00716228 3.81795e-05
0.00716749 9.66345e-05
0.00717269 0.00012378
0.0071779 0.000102301
0.00718311 3.97436e-05
0.00718831 3.40871e-05
0.00719352 8.2461e-05
0.00719873 8.16727e-05
0.00720393 3.44489e-05
0.00720914 3.10223e-05
0.00721435 7.63378e-05
0.00721956 7.41834e-05
0.00722476 2.38382e-05
0.00722997 4.79362e-05
0.00723518 0.000101335
0.00724038 0.00010536
0.00724559 5.4946e-05
0.0072508 2.62021e-05
0.00725601 9.8556e-05
0.00726121 0.00012818
0.00726642 0.00010458
0.00727163 4.515e-05
0.00727683 1.59147e-05
0.00728204 4.74724e-05
0.00728725 3.84955e-05
0.00729245 2.64215e-06
0.00729766 3.18566e-05
0.00730287 4.0531e-05
0.00730808 1.80154e-05
0.00731328 1.88792e-05
0.00731849 4.21863e-05
0.0073237 3.11615e-05
0.0073289 1.32805e-05
0.00733411 6.71785e-05
0.00733932 9.65667e-05
0.00734452 7.76033e-05
0.00734973 1.19055e-05
0.00735494 7.23378e-05
0.00736015 0.00013477
0.00736535 0.000144949
0.00737056 9.95049e-05
0.00737577 2.43099e-05
0.00738097 3.99296e-05
0.00738618 6.0639e-05
0.00739139 3.17546e-05
0.0073966 2.31853e-05
0.0074018 6.52188e-05
0.00740701 6.33516e-05
0.00741222 1.35833e-05
0.00741742 5.77153e-05
0.00742263 0.000108442
0.00742784 0.000105308
0.00743304 4.41959e-05
0.00743825 4.56894e-05
0.00744346 0.000116825
0.00744867 0.000129483
0.00745387 7.43533e-05
0.00745908 2.12822e-05
0.00746429 0.000107658
0.00746949 0.000139363
0.0074747 0.000100053
0.00747991 1.12761e-05
0.00748511 7.95579e-05
0.00749032 0.000125314
0.00749553 0.000104789
0.00750074 3.36226e-05
0.00750594 4.54335e-05
0.00751115 8.71489e-05
0.00751636 6.93211e-05
0.00752156 4.81872e-06
0.00752677 6.63824e-05
0.00753198 0.000100328
0.00753719 7.40563e-05
0.00754239 1.71496e-06
0.0075476 8.90898e-05
0.00755281 0.000144575
0.00755801 0.000143164
0.00756322 9.12263e-05
0.00756843 2.12252e-05
0.00757363 2.81259e-05
0.00757884 3.43834e-05
0.00758405 3.44606e-06
0.00758926 3.55596e-05
0.00759446 4.91347e-05
0.00759967 2.05577e-05
0.00760488 3.92935e-05
0.00761008 9.78305e-05
0.00761529 0.000119813
0.0076205 8.82769e-05
0.0076257 1.49933e-05
0.00763091 6.56976e-05
0.00763612 0.000116021
0.00764133 0.000115669
0.00764653 7.231e-05
0.00765174 1.57866e-05
0.00765695 2.02962e-05
0.00766215 1.84709e-05
0.00766736 1.30548e-05
0.00767257 4.67796e-05
0.00767778 5.41681e-05
0.00768298 2.45652e-05
0.00768819 2.69204e-05
0.0076934 6.76769e-05
0.0076986 6.73673e-05
0.00770381 1.74759e-05
0.00770902 6.13267e-05
0.00771422 0.000128994
0.00771943 0.000147982
0.00772464 0.000104757
0.00772985 1.8368e-05
0.00773505 6.92682e-05
0.00774026 0.000116172
0.00774547 0.000103335
0.00775067 4.47987e-05
0.00775588 2.10712e-05
0.00776109 5.41389e-05
0.00776629 3.58758e-05
0.0077715 2.00047e-05
0.00777671 7.58976e-05
0.00778192 9.28748e-05
0.00778712 5.43677e-05
0.00779233 2.29208e-05
0.00779754 9.74815e-05
0.00780274 0.000126252
0.00780795 8.94319e-05
0.00781316 2.57791e-06
0.00781837 9.1133e-05
0.00782357 0.00014424
0.00782878 0.000130775
0.00783399 5.99117e-05
0.00783919 3.01079e-05
0.0078444 9.40558e-05
0.00784961 0.000104975
0.00785481 6.81123e-05
0.00786002 1.57564e-05
0.00786523 1.35822e-05
0.00787044 8.92171e-07
0.00787564 4.9491e-05
0.00788085 9.80465e-05
0.00788606 0.00010913
0.00789126 6.58168e-05
0.00789647 1.63427e-05
0.00790168 9.66627e-05
0.00790688 0.000132127
0.00791209 0.000102529
0.0079173 2.31401e-05
0.00792251 6.29e-05
0.00792771 0.000108546
0.00793292 8.95683e-05
0.00793813 1.85709e-05
0.00794333 6.20829e-05
0.00794854 0.000104686
0.00795375 8.40583e-05
0.00795896 1.27286e-05
0.00796416 6.56641e-05
0.00796937 0.000101351
0.00797458 6.76987e-05
0.00797978 2.21122e-05
0.00798499 0.000120951
0.0079902 0.000173335
0.0079954 0.000146585
0.00800061 4.99382e-05
0.00800582 6.94424e-05
0.00801103 0.000151676
0.00801623 0.0001567
0.00802144 8.59923e-05
0.00802665 1.86995e-05
0.00803185 9.89321e-05
0.00803706 0.000112235
0.00804227 5.55612e-05
0.00804747 3.35864e-05
0.00805268 9.88815e-05
0.00805789 9.74491e-05
0.0080631 2.44983e-05
0.0080683 8.35084e-05
0.00807351 0.000168863
0.00807872 0.000184526
0.00808392 0.000120102
0.00808913 7.50092e-06
0.00809434 9.66236e-05
0.00809955 0.000141628
0.00810475 0.000109671
0.00810996 2.39189e-05
0.00811517 6.57995e-05
0.00812037 0.000111262
0.00812558 9.19451e-05
0.00813079 2.4584e-05
0.00813599 4.84369e-05
0.0081412 8.44557e-05
0.00814641 6.47971e-05
0.00815162 4.23043e-06
0.00815682 5.91634e-05
0.00816203 8.71552e-05
0.00816724 6.37599e-05
0.00817244 3.95783e-06
0.00817765 5.58652e-05
0.00818286 7.96531e-05
0.00818806 5.26047e-05
0.00819327 1.08666e-05
0.00819848 7.64077e-05
0.00820369 0.000110319
0.00820889 9.90483e-05
0.0082141 5.60977e-05
0.00821931 1.25089e-05
0.00822451 3.06749e-06
0.00822972 1.7415e-05
0.00823493 5.59461e-05
0.00824014 7.91487e-05
0.00824534 5.88432e-05
0.00825055 9.73221e-06
0.00825576 0.000103007
0.00826096 0.000180693
0.00826617 0.000207487
0.00827138 0.000172454
0.00827658 9.49475e-05
0.00828179 1.36537e-05
0.008287 3.4908e-05
0.00829221 3.6073e-05
0.00829741 3.65743e-06
0.00830262 3.00724e-05
0.00830783 3.49777e-05
0.00831303 1.94282e-06
0.00831824 5.11194e-05
0.00832345 8.97961e-05
0.00832865 8.41597e-05
0.00833386 2.79138e-05
0.00833907 5.56984e-05
0.00834428 0.000125087
0.00834948 0.000142631
0.00835469 9.56407e-05
0.0083599 4.10167e-06
0.0083651 8.93231e-05
0.00837031 0.000141602
0.00837552 0.000131674
0.00838073 7.05959e-05
0.00838593 5.78603e-06
0.00839114 5.71814e-05
0.00839635 6.06375e-05
0.00840155 2.17237e-05
0.00840676 3.06356e-05
0.00841197 6.20946e-05
0.00841717 5.29544e-05
0.00842238 8.91918e-06
0.00842759 4.32143e-05
0.0084328 7.18896e-05
0.008438 5.93272e-05
0.00844321 1.15015e-05
0.00844842 4.59301e-05
0.00845362 8.29494e-05
0.00845883 8.25177e-05
0.00846404 4.97956e-05
0.00846924 8.109e-06
0.00847445 1.55977e-05
0.00847966 6.99554e-06
0.00848487 2.73205e-05
0.00849007 6.41924e-05
0.00849528 7.81103e-05
0.00850049 5.66836e-05
0.00850569 8.16368e-06
0.0085109 4.33593e-05
0.00851611 7.21073e-05
0.00852132 6.56165e-05
0.00852652 3.16659e-05
0.00853173 6.92107e-06
0.00853694 2.63969e-05
0.00854214 1.65936e-05
0.00854735 1.29731e-05
0.00855256 3.91763e-05
0.00855776 4.00068e-05
0.00856297 9.14633e-06
0.00856818 3.85414e-05
0.00857339 7.4342e-05
0.00857859 7.20663e-05
0.0085838 2.42119e-05
0.00858901 5.15608e-05
0.00859421 0.000119851
0.00859942 0.000145263
0.00860463 0.00011099
0.00860983 2.81321e-05
0.00861504 6.94009e-05
0.00862025 0.000141662
0.00862546 0.000162128
0.00863066 0.000129554
0.00863587 6.63274e-05
0.00864108 4.8837e-06
0.00864628 2.98675e-05
0.00865149 3.24077e-05
0.0086567 1.67261e-05
0.00866191 5.48989e-06
0.00866711 1.51402e-05
0.00867232 4.57089e-05
0.00867753 8.10099e-05
0.00868273 9.86448e-05
0.00868794 8.36383e-05
0.00869315 3.76611e-05
0.00869835 2.13673e-05
0.00870356 6.8804e-05
0.00870877 8.62481e-05
0.00871398 7.05438e-05
0.00871918 3.4027e-05
0.00872439 3.54814e-06
0.0087296 2.62428e-05
0.0087348 2.96914e-05
0.00874001 2.12269e-05
0.00874522 1.30164e-05
0.00875042 1.30179e-05
0.00875563 1.96294e-05
0.00876084 2.33168e-05
0.00876605 1.39595e-05
0.00877125 1.10286e-05
0.00877646 4.32866e-05
0.00878167 6.73548e-05
0.00878687 6.97407e-05
0.00879208 4.77133e-05
0.00879729 1.22141e-05
0.0088025 1.73826e-05
0.0088077 2.40383e-05
0.00881291 3.23006e-06
0.00881812 3.35526e-05
0.00882332 6.44252e-05
0.00882853 6.90459e-05
0.00883374 4.03022e-05
0.00883894 1.09094e-05
0.00884415 6.07334e-05
0.00884936 8.46821e-05
0.00885457 7.05695e-05
0.00885977 2.49816e-05
0.00886498 3.02317e-05
0.00887019 6.94511e-05
0.00887539 7.64155e-05
0.0088806 5.18576e-05
0.00888581 1.17224e-05
0.00889101 2.26461e-05
0.00889622 3.65623e-05
0.00890143 2.94797e-05
0.00890664 1.39087e-05
0.00891184 6.78719e-06
0.00891705 1.85934e-05
0.00892226 4.66273e-05
0.00892746 7.63076e-05
0.00893267 8.96082e-05
0.00893788 7.56427e-05
0.00894309 3.72437e-05
0.00894829 1.02172e-05
0.0089535 4.70128e-05
0.00895871 5.95073e-05
0.00896391 4.69299e-05
0.00896912 2.07758e-05
0.00897433 2.56914e-06
0.00897953 1.15175e-05
0.00898474 5.61422e-06
0.00898995 5.07535e-06
0.00899516 6.99183e-06
0.00900036 7.75103e-06
0.00900557 3.55585e-05
0.00901078 6.24345e-05
0.00901598 7.14794e-05
0.00902119 5.26144e-05
0.0090264 9.01566e-06
0.0090316 4.34646e-05
0.00903681 8.37375e-05
0.00904202 9.5858e-05
0.00904723 7.68488e-05
0.00905243 3.79091e-05
0.00905764 1.46936e-06
0.00906285 2.32242e-05
0.00906805 1.91787e-05
0.00907326 5.9534e-06
0.00907847 3.81319e-05
0.00908368 6.179e-05
0.00908888 6.75542e-05
0.00909409 5.5998e-05
0.0090993 3.59604e-05
0.0091045 1.89176e-05
0.00910971 1.27646e-05
0.00911492 1.82752e-05
0.00912012 2.97033e-05
0.00912533 3.86367e-05
0.00913054 3.86396e-05
0.00913575 2.81652e-05
0.00914095 1.05251e-05
0.00914616 8.54823e-06
0.00915137 2.40272e-05
0.00915657 3.3642e-05
0.00916178 3.80316e-05
0.00916699 3.93762e-05
0.00917219 3.96447e-05
0.0091774 3.95245e-05
0.00918261 3.84235e-05
0.00918782 3.51856e-05
0.00919302 2.88354e-05
0.00919823 1.88954e-05
0.00920344 5.32784e-06
0.00920864 1.15016e-05
0.00921385 3.05262e-05
0.00921906 4.94714e-05
0.00922427 6.46712e-05
0.00922947 7.17519e-05
0.00923468 6.72358e-05
0.00923989 5.04225e-05
0.00924509 2.44856e-05
0.0092503 4.05704e-06
0.00925551 2.75311e-05
0.00926071 4.00253e-05
0.00926592 3.96116e-05
0.00927113 2.87376e-05
0.00927634 1.26425e-05
0.00928154 3.2622e-06
0.00928675 1.55681e-05
0.00929196 2.34765e-05
0.00929716 2.77398e-05
0.00930237 2.89054e-05
0.00930758 2.62354e-05
0.00931278 1.81545e-05
0.00931799 3.95082e-06
0.0093232 1.45292e-05
0.00932841 3.26156e-05
0.00933361 4.45527e-05
0.00933882 4.64572e-05
0.00934403 3.8712e-05
0.00934923 2.61034e-05
0.00935444 1.52512e-05
0.00935965 1.06028e-05
0.00936486 1.13837e-05
0.00937006 1.16189e-05
0.00937527 3.67074e-06
0.00938048 1.64418e-05
0.00938568 4.50505e-05
0.00939089 7.09104e-05
0.0093961 7.99833e-05
0.0094013 6.28389e-05
0.00940651 2.07673e-05
0.00941172 3.30333e-05
0.00941693 7.84367e-05
0.00942213 9.74684e-05
0.00942734 8.29993e-05
0.00943255 4.24699e-05
0.00943775 5.51886e-06
0.00944296 4.02086e-05
0.00944817 4.87272e-05
0.00945337 3.19914e-05
0.00945858 3.43199e-06
0.00946379 1.86931e-05
0.009469 2.12376e-05
0.0094742 3.05655e-06
0.00947941 2.47267e-05
0.00948462 4.50195e-05
0.00948982 4.40589e-05
0.00949503 1.8658e-05
0.00950024 2.23473e-05
0.00950545 6.29108e-05
0.00951065 8.79275e-05
0.00951586 9.02028e-05
0.00952107 7.26983e-05
0.00952627 4.53841e-05
0.00953148 1.90625e-05
0.00953669 3.20986e-08
0.00954189 1.19184e-05
0.0095471 2.04308e-05
0.00955231 2.8813e-05
0.00955752 3.65358e-05
0.00956272 3.94774e-05
0.00956793 3.32059e-05
0.00957314 1.69442e-05
0.00957834 4.72042e-06
0.00958355 2.38443e-05
0.00958876 3.37889e-05
0.00959396 3.35351e-05
0.00959917 2.86253e-05
0.00960438 2.7713e-05
0.00960959 3.65623e-05
0.00961479 5.32377e-05
0.00962 6.78569e-05
0.00962521 6.76937e-05
0.00963041 4.5065e-05
0.00963562 3.37756e-06
0.00964083 4.26763e-05
0.00964604 7.36347e-05
0.00965124 7.53948e-05
0.00965645 4.74113e-05
0.00966166 4.06917e-06
0.00966686 3.2095e-05
0.00967207 4.20607e-05
0.00967728 2.06418e-05
0.00968248 2.03543e-05
0.00968769 5.81627e-05
0.0096929 7.12554e-05
0.00969811 5.11127e-05
0.00970331 7.05827e-06
0.00970852 3.86218e-05
0.00971373 6.26878e-05
0.00971893 5.34994e-05
0.00972414 1.71896e-05
0.00972935 2.59179e-05
0.00973455 5.25757e-05
0.00973976 4.92182e-05
0.00974497 1.88895e-05
0.00975018 2.12219e-05
0.00975538 4.9985e-05
0.00976059 5.42565e-05
0.0097658 3.56933e-05
0.009771 8.71721e-06
0.00977621 8.86699e-06
0.00978142 6.83074e-06
0.00978663 1.15227e-05
0.00979183 3.18896e-05
0.00979704 3.83168e-05
0.00980225 2.35758e-05
0.00980745 5.86834e-06
0.00981266 3.34573e-05
0.00981787 4.26447e-05
0.00982307 2.7389e-05
0.00982828 3.48429e-06
0.00983349 3.09966e-05
0.0098387 3.72765e-05
0.0098439 1.67199e-05
0.00984911 1.98115e-05
0.00985432 5.06731e-05
0.00985952 5.60544e-05
0.00986473 3.02453e-05
0.00986994 1.38735e-05
0.00987514 5.12448e-05
0.00988035 5.873e-05
0.00988556 2.89486e-05
0.00989077 2.43032e-05
0.00989597 7.26526e-05
0.00990118 8.85149e-05
0.00990639 6.07498e-05
0.00991159 1.64575e-06
0.0099168 5.90575e-05
0.00992201 9.01196e-05
0.00992722 7.59682e-05
0.00993242 2.54348e-05
0.00993763 3.30024e-05
0.00994284 6.69811e-05
0.00994804 5.82825e-05
0.00995325 1.30279e-05
0.00995846 4.17043e-05
0.00996366 7.29497e-05
0.00996887 6.0148e-05
0.00997408 6.4002e-06
0.00997929 6.35118e-05
0.00998449 0.000117005
0.0099897 0.000131421
0.00999491 0.000105498
0.0100001 5.83073e-05
0.0100053 1.67026e-05
0.0100105 9.59247e-07
0.0100157 4.92637e-06
0.0100209 1.70116e-05
0.0100261 1.35441e-05
0.0100314 1.61923e-05
0.0100366 6.32566e-05
0.0100418 0.000102953
0.010047 0.000109387
0.0100522 7.21426e-05
0.0100574 4.83787e-06
0.0100626 6.02652e-05
0.0100678 8.93092e-05
0.010073 6.61332e-05
0.0100782 2.54822e-06
0.0100834 6.69474e-05
0.0100886 0.000103786
0.0100938 8.71971e-05
0.010099 2.69151e-05
0.0101043 4.09659e-05
0.0101095 7.33406e-05
0.0101147 4.43083e-05
0.0101199 3.91958e-05
0.0101251 0.000139394
0.0101303 0.000206707
0.0101355 0.00020578
0.0101407 0.000134353
0.0101459 2.46267e-05
0.0101511 7.37002e-05
0.0101563 0.000119492
0.0101615 0.000101123
0.0101667 4.10143e-05
0.0101719 1.83937e-05
0.0101772 3.9123e-05
0.0101824 8.83047e-06
0.0101876 5.30304e-05
0.0101928 0.000107185
0.010198 0.000117576
0.0102032 7.23116e-05
0.0102084 9.26882e-06
0.0102136 8.71931e-05
0.0102188 0.00012292
0.010224 0.000100311
0.0102292 3.37981e-05
0.0102344 4.0562e-05
0.0102396 8.57048e-05
0.0102448 8.3952e-05
0.0102501 4.56728e-05
0.0102553 1.61886e-06
0.0102605 1.62613e-05
0.0102657 5.7673e-06
0.0102709 5.48124e-05
0.0102761 9.86791e-05
0.0102813 0.000104581
0.0102865 5.84173e-05
0.0102917 2.63924e-05
0.0102969 0.000115462
0.0103021 0.000171521
0.0103073 0.000173752
0.0103125 0.000127645
0.0103177 6.02698e-05
0.0103229 4.21242e-06
0.0103282 2.0287e-05
0.0103334 1.48687e-05
0.0103386 6.78835e-07
0.0103438 2.49098e-06
0.010349 2.17694e-05
0.0103542 6.51339e-05
0.0103594 0.000105763
0.0103646 0.000120563
0.0103698 9.95127e-05
0.010375 5.19648e-05
0.0103802 1.14302e-06
0.0103854 2.97368e-05
0.0103906 3.12455e-05
0.0103958 1.29944e-05
0.0104011 2.89694e-06
0.0104063 3.7695e-06
0.0104115 3.77004e-05
0.0104167 8.37968e-05
0.0104219 0.000115067
0.0104271 0.000108427
0.0104323 5.91947e-05
0.0104375 1.44421e-05
0.0104427 7.99977e-05
0.0104479 0.0001078
0.0104531 8.70538e-05
0.0104583 3.17082e-05
0.0104635 2.73121e-05
0.0104687 5.91988e-05
0.010474 5.00665e-05
0.0104792 1.00418e-05
0.0104844 3.32297e-05
0.0104896 5.07986e-05
0.0104948 2.90333e-05
0.0105 2.27376e-05
0.0105052 7.7673e-05
0.0105104 0.000106544
0.0105156 9.37188e-05
0.0105208 4.49748e-05
0.010526 1.6922e-05
0.0105312 6.57426e-05
0.0105364 8.6173e-05
0.0105416 8.06425e-05
0.0105469 6.5028e-05
0.0105521 5.64738e-05
0.0105573 6.12694e-05
0.0105625 7.05061e-05
0.0105677 6.62731e-05
0.0105729 3.44862e-05
0.0105781 2.38502e-05
0.0105833 9.04093e-05
0.0105885 0.000138383
0.0105937 0.000147581
0.0105989 0.000116809
0.0106041 6.5743e-05
0.0106093 2.44796e-05
0.0106145 1.63191e-05
0.0106198 4.36881e-05
0.010625 8.57408e-05
0.0106302 0.000109694
0.0106354 8.99681e-05
0.0106406 2.43602e-05
0.0106458 6.22911e-05
0.010651 0.000129713
0.0106562 0.000143239
0.0106614 9.29088e-05
