-0.0106614 1.81489e-14
-0.0106562 8.50144e-05
-0.010651 0.0001299
-0.0106458 0.000115023
-0.0106406 5.0672e-05
-0.0106354 2.97883e-05
-0.0106302 8.77459e-05
-0.010625 0.000100936
-0.0106198 7.32373e-05
-0.0106145 3.08073e-05
-0.0106093 5.74819e-06
-0.0106041 1.67012e-05
-0.0105989 5.99179e-05
-0.0105937 0.000110455
-0.0105885 0.000138044
-0.0105833 0.000124288
-0.0105781 7.2722e-05
-0.0105729 6.28781e-06
-0.0105677 4.73734e-05
-0.0105625 6.92051e-05
-0.0105573 6.07214e-05
-0.0105521 3.97302e-05
-0.0105469 2.8195e-05
-0.0105416 3.75779e-05
-0.0105364 6.18966e-05
-0.0105312 8.17498e-05
-0.010526 7.68244e-05
-0.0105208 3.97722e-05
-0.0105156 1.78747e-05
-0.0105104 7.03003e-05
-0.0105052 9.29463e-05
-0.0105 7.58127e-05
-0.0104948 3.01229e-05
-0.0104896 1.79926e-05
-0.0104844 4.16001e-05
-0.0104792 2.94943e-05
-0.010474 9.12917e-06
-0.0104687 4.60307e-05
-0.0104635 5.65201e-05
-0.0104583 2.89328e-05
-0.0104531 2.54608e-05
-0.0104479 7.85401e-05
-0.0104427 0.000100845
-0.0104375 7.80397e-05
-0.0104323 1.90909e-05
-0.0104271 4.87526e-05
-0.0104219 9.4307e-05
-0.0104167 9.96684e-05
-0.0104115 6.86419e-05
-0.0104063 2.3349e-05
-0.0104011 1.07173e-05
-0.0103958 1.58818e-05
-0.0103906 7.52419e-06
-0.0103854 3.04152e-05
-0.0103802 3.8334e-05
-0.010375 1.7889e-05
-0.0103698 2.44211e-05
-0.0103646 6.74985e-05
-0.0103594 8.87099e-05
-0.0103542 7.71866e-05
-0.010349 4.02885e-05
-0.0103438 1.56534e-06
-0.0103386 2.524e-05
-0.0103334 2.29476e-05
-0.0103282 5.52278e-06
-0.0103229 1.62407e-05
-0.0103177 1.0467e-05
-0.0103125 2.39454e-05
-0.0103073 7.40191e-05
-0.0103021 0.000114538
-0.0102969 0.000122394
-0.0102917 9.03557e-05
-0.0102865 3.18252e-05
-0.0102813 2.64028e-05
-0.0102761 5.91858e-05
-0.0102709 5.72658e-05
-0.0102657 3.19413e-05
-0.0102605 7.82977e-06
-0.0102553 5.04184e-06
-0.0102501 2.8126e-05
-0.0102448 6.28857e-05
-0.0102396 8.11219e-05
-0.0102344 6.11645e-05
-0.0102292 4.39526e-06
-0.010224 7.2466e-05
-0.0102188 0.000125009
-0.0102136 0.000125182
-0.0102084 6.69635e-05
-0.0102032 2.73912e-05
-0.010198 0.000111888
-0.0101928 0.000149449
-0.0101876 0.00012423
-0.0101824 5.38379e-05
-0.0101772 2.39309e-05
-0.0101719 6.11224e-05
-0.0101667 4.2065e-05
-0.0101615 2.10951e-05
-0.0101563 8.85353e-05
-0.0101511 0.000116873
-0.0101459 8.22734e-05
-0.0101407 7.39789e-06
-0.0101355 0.000107413
-0.0101303 0.000175561
-0.0101251 0.000179293
-0.0101199 0.000120488
-0.0101147 3.22783e-05
-0.0101095 3.93967e-05
-0.0101043 6.0135e-05
-0.010099 2.53217e-05
-0.0100938 3.94132e-05
-0.0100886 9.25624e-05
-0.0100834 0.000101355
-0.0100782 5.88783e-05
-0.010073 1.2553e-05
-0.0100678 7.43494e-05
-0.0100626 9.32733e-05
-0.0100574 5.91535e-05
-0.0100522 1.05741e-05
-0.010047 8.08009e-05
-0.0100418 0.000119021
-0.0100366 0.000111172
-0.0100314 6.74939e-05
-0.0100261 1.42549e-05
-0.0100209 2.28877e-05
-0.0100157 3.25306e-05
-0.0100105 2.30634e-05
-0.0100053 1.44636e-05
-0.0100001 2.4136e-05
-0.00999491 5.48291e-05
-0.0099897 9.21832e-05
-0.00998449 0.000113343
-0.00997929 0.000101313
-0.00997408 5.62474e-05
-0.00996887 4.38935e-06
-0.00996366 5.05101e-05
-0.00995846 6.42457e-05
-0.00995325 4.24319e-05
-0.00994804 3.869e-06
-0.00994284 3.00645e-05
-0.00993763 3.28462e-05
-0.00993242 4.04318e-06
-0.00992722 3.91493e-05
-0.00992201 6.94894e-05
-0.0099168 6.57102e-05
-0.00991159 2.51734e-05
-0.00990639 3.39126e-05
-0.00990118 8.18231e-05
-0.00989597 9.36894e-05
-0.00989077 6.29069e-05
-0.00988556 4.82214e-06
-0.00988035 5.16657e-05
-0.00987514 7.93428e-05
-0.00986994 6.69283e-05
-0.00986473 2.39885e-05
-0.00985952 2.54369e-05
-0.00985432 5.63078e-05
-0.00984911 5.60734e-05
-0.0098439 2.99689e-05
-0.0098387 3.82785e-06
-0.00983349 2.48675e-05
-0.00982828 2.3492e-05
-0.00982307 4.30951e-06
-0.00981787 1.86291e-05
-0.00981266 2.87824e-05
-0.00980745 2.0272e-05
-0.00980225 5.35343e-06
-0.00979704 2.36152e-05
-0.00979183 3.14596e-05
-0.00978663 2.35413e-05
-0.00978142 8.00466e-06
-0.00977621 2.14271e-06
-0.009771 7.35644e-06
-0.0097658 2.86601e-05
-0.00976059 5.27586e-05
-0.00975538 6.20136e-05
-0.00975018 4.51857e-05
-0.00974497 5.08365e-06
-0.00973976 4.34446e-05
-0.00973455 7.72406e-05
-0.00972935 8.10968e-05
-0.00972414 5.40194e-05
-0.00971893 1.05766e-05
-0.00971373 2.75035e-05
-0.00970852 4.20478e-05
-0.00970331 2.9471e-05
-0.00969811 3.15077e-06
-0.0096929 2.33068e-05
-0.00968769 2.72462e-05
-0.00968248 8.2156e-06
-0.00967728 2.20345e-05
-0.00967207 4.27867e-05
-0.00966686 3.76561e-05
-0.00966166 3.74504e-06
-0.00965645 4.61846e-05
-0.00965124 8.89677e-05
-0.00964604 0.000104063
-0.00964083 8.35505e-05
-0.00963562 3.61635e-05
-0.00963041 1.92335e-05
-0.00962521 5.88379e-05
-0.00962 7.27899e-05
-0.00961479 6.31684e-05
-0.00960959 4.32462e-05
-0.00960438 2.82636e-05
-0.00959917 2.65232e-05
-0.00959396 3.65593e-05
-0.00958876 4.80943e-05
-0.00958355 4.92102e-05
-0.00957834 3.44346e-05
-0.00957314 8.10967e-06
-0.00956793 2.04344e-05
-0.00956272 3.82824e-05
-0.00955752 4.12933e-05
-0.00955231 3.25325e-05
-0.0095471 2.03148e-05
-0.00954189 1.21651e-05
-0.00953669 9.14207e-06
-0.00953148 5.67051e-06
-0.00952627 5.70589e-06
-0.00952107 2.80587e-05
-0.00951586 5.75787e-05
-0.00951065 8.2698e-05
-0.00950545 9.02868e-05
-0.00950024 7.32747e-05
-0.00949503 3.57686e-05
-0.00948982 8.34301e-06
-0.00948462 3.94957e-05
-0.00947941 4.60263e-05
-0.0094742 2.69773e-05
-0.009469 5.85214e-06
-0.00946379 3.41886e-05
-0.00945858 4.32539e-05
-0.00945337 2.93049e-05
-0.00944817 2.49368e-06
-0.00944296 2.31781e-05
-0.00943775 2.89577e-05
-0.00943255 1.09254e-05
-0.00942734 2.54151e-05
-0.00942213 6.01249e-05
-0.00941693 7.68754e-05
-0.00941172 6.58062e-05
-0.00940651 2.97893e-05
-0.0094013 1.76338e-05
-0.0093961 5.86642e-05
-0.00939089 8.02256e-05
-0.00938568 7.86908e-05
-0.00938048 6.02209e-05
-0.00937527 3.61565e-05
-0.00937006 1.6589e-05
-0.00936486 5.64757e-06
-0.00935965 2.024e-06
-0.00935444 4.90749e-06
-0.00934923 1.49575e-05
-0.00934403 3.28259e-05
-0.00933882 5.40961e-05
-0.00933361 7.10346e-05
-0.00932841 7.62094e-05
-0.0093232 6.58095e-05
-0.00931799 4.11763e-05
-0.00931278 8.46993e-06
-0.00930758 2.57658e-05
-0.00930237 5.17075e-05
-0.00929716 6.46193e-05
-0.00929196 6.21878e-05
-0.00928675 4.58065e-05
-0.00928154 2.02805e-05
-0.00927634 8.62154e-06
-0.00927113 3.04194e-05
-0.00926592 4.07777e-05
-0.00926071 3.6517e-05
-0.00925551 1.95719e-05
-0.0092503 5.34845e-06
-0.00924509 2.74613e-05
-0.00923989 4.27428e-05
-0.00923468 4.78997e-05
-0.00922947 4.46686e-05
-0.00922427 3.77366e-05
-0.00921906 3.18154e-05
-0.00921385 2.88956e-05
-0.00920864 2.75388e-05
-0.00920344 2.45334e-05
-0.00919823 1.72516e-05
-0.00919302 5.48116e-06
-0.00918782 8.27068e-06
-0.00918261 2.0275e-05
-0.0091774 2.79732e-05
-0.00917219 3.15201e-05
-0.00916699 3.35072e-05
-0.00916178 3.6912e-05
-0.00915657 4.21969e-05
-0.00915137 4.58487e-05
-0.00914616 4.22725e-05
-0.00914095 2.77092e-05
-0.00913575 3.86256e-06
-0.00913054 2.25566e-05
-0.00912533 4.01506e-05
-0.00912012 4.12649e-05
-0.00911492 2.55219e-05
-0.00910971 3.30024e-06
-0.0091045 1.69489e-05
-0.0090993 1.6378e-05
-0.00909409 6.95525e-06
-0.00908888 4.29811e-05
-0.00908368 7.62038e-05
-0.00907847 8.93051e-05
-0.00907326 7.44934e-05
-0.00906805 3.81605e-05
-0.00906285 2.90107e-06
-0.00905764 2.42975e-05
-0.00905243 1.67683e-05
-0.00904723 1.79568e-05
-0.00904202 6.25855e-05
-0.00903681 9.37857e-05
-0.0090316 9.4083e-05
-0.0090264 6.08671e-05
-0.00902119 8.645e-06
-0.00901598 4.39884e-05
-0.00901078 7.26528e-05
-0.00900557 7.14967e-05
-0.00900036 4.78901e-05
-0.00899516 1.89893e-05
-0.00898995 4.11376e-06
-0.00898474 5.10862e-06
-0.00897953 1.25151e-05
-0.00897433 2.11236e-05
-0.00896912 1.65256e-05
-0.00896391 4.21235e-06
-0.00895871 2.96718e-05
-0.0089535 4.51766e-05
-0.00894829 3.78492e-05
-0.00894309 7.34999e-06
-0.00893788 3.58085e-05
-0.00893267 6.99299e-05
-0.00892746 8.00766e-05
-0.00892226 6.26977e-05
-0.00891705 2.85543e-05
-0.00891184 4.79733e-06
-0.00890664 1.86657e-05
-0.00890143 1.17403e-05
-0.00889622 9.40365e-06
-0.00889101 2.23833e-05
-0.00888581 1.64799e-05
-0.0088806 1.243e-05
-0.00887539 4.74925e-05
-0.00887019 7.10862e-05
-0.00886498 6.64464e-05
-0.00885977 3.14891e-05
-0.00885457 2.08678e-05
-0.00884936 6.49301e-05
-0.00884415 8.18808e-05
-0.00883894 6.50461e-05
-0.00883374 2.51986e-05
-0.00882853 1.72061e-05
-0.00882332 4.03135e-05
-0.00881812 3.75815e-05
-0.00881291 1.72164e-05
-0.0088077 3.61173e-06
-0.0088025 4.5398e-06
-0.00879729 1.82345e-05
-0.00879208 5.41511e-05
-0.00878687 8.4505e-05
-0.00878167 9.17365e-05
-0.00877646 7.04754e-05
-0.00877125 3.05733e-05
-0.00876605 8.82048e-06
-0.00876084 3.05186e-05
-0.00875563 2.91825e-05
-0.00875042 1.37448e-05
-0.00874522 1.82443e-06
-0.00874001 4.06358e-06
-0.0087348 2.29744e-05
-0.0087296 4.51479e-05
-0.00872439 5.10712e-05
-0.00871918 2.81782e-05
-0.00871398 1.98104e-05
-0.00870877 7.24443e-05
-0.00870356 0.000102419
-0.00869835 9.03598e-05
-0.00869315 3.64621e-05
-0.00868794 3.86982e-05
-0.00868273 0.000102466
-0.00867753 0.000128775
-0.00867232 0.000109925
-0.00866711 6.04077e-05
-0.00866191 8.95067e-06
-0.0086567 2.34438e-05
-0.00865149 2.31744e-05
-0.00864628 4.5811e-06
-0.00864108 1.20074e-05
-0.00863587 6.94062e-06
-0.00863066 3.67727e-05
-0.00862546 8.44905e-05
-0.00862025 0.000115433
-0.00861504 0.000106619
-0.00860983 5.47846e-05
-0.00860463 2.2401e-05
-0.00859942 8.75331e-05
-0.00859421 0.000114445
-0.00858901 9.27216e-05
-0.0085838 3.73155e-05
-0.00857859 2.13775e-05
-0.00857339 5.22169e-05
-0.00856818 4.35133e-05
-0.00856297 6.08007e-06
-0.00855776 3.34685e-05
-0.00855256 4.86156e-05
-0.00854735 2.94989e-05
-0.00854214 1.18528e-05
-0.00853694 4.82626e-05
-0.00853173 5.48578e-05
-0.00852652 2.38777e-05
-0.00852132 3.06237e-05
-0.00851611 7.73561e-05
-0.0085109 8.93934e-05
-0.00850569 5.70459e-05
-0.00850049 5.23895e-06
-0.00849528 6.68299e-05
-0.00849007 9.81168e-05
-0.00848487 8.69756e-05
-0.00847966 4.50887e-05
-0.00847445 1.72017e-06
-0.00846924 1.98623e-05
-0.00846404 5.26608e-06
-0.00845883 3.34903e-05
-0.00845362 6.73725e-05
-0.00844842 7.19073e-05
-0.00844321 3.968e-05
-0.008438 1.36427e-05
-0.0084328 5.78106e-05
-0.00842759 6.63299e-05
-0.00842238 3.24353e-05
-0.00841717 2.58147e-05
-0.00841197 7.51555e-05
-0.00840676 8.6617e-05
-0.00840155 5.28492e-05
-0.00839635 9.30604e-06
-0.00839114 5.73041e-05
-0.00838593 6.53494e-05
-0.00838073 2.3517e-05
-0.00837552 4.73536e-05
-0.00837031 0.000107237
-0.0083651 0.000119931
-0.0083599 7.35192e-05
-0.00835469 1.17601e-05
-0.00834948 9.28063e-05
-0.00834428 0.000128009
-0.00833907 9.87993e-05
-0.00833386 2.0491e-05
-0.00832865 6.62162e-05
-0.00832345 0.000117312
-0.00831824 0.000109357
-0.00831303 5.13038e-05
-0.00830783 2.21483e-05
-0.00830262 7.02114e-05
-0.00829741 7.09371e-05
-0.00829221 3.20635e-05
-0.008287 1.39324e-05
-0.00828179 2.965e-05
-0.00827658 6.23637e-06
-0.00827138 7.87056e-05
-0.00826617 0.00015677
-0.00826096 0.000198743
-0.00825576 0.00018151
-0.00825055 0.00011205
-0.00824534 2.3034e-05
-0.00824014 4.58779e-05
-0.00823493 6.99837e-05
-0.00822972 5.2101e-05
-0.00822451 1.85975e-05
-0.00821931 1.72666e-06
-0.0082141 1.93563e-05
-0.00820889 6.29473e-05
-0.00820369 0.000103891
-0.00819848 0.000110975
-0.00819327 7.08468e-05
-0.00818806 2.03309e-06
-0.00818286 7.20889e-05
-0.00817765 0.000102598
-0.00817244 7.70828e-05
-0.00816724 9.86257e-06
-0.00816203 6.25756e-05
-0.00815682 9.97307e-05
-0.00815162 8.29068e-05
-0.00814641 2.46091e-05
-0.0081412 3.93695e-05
-0.00813599 6.90315e-05
-0.00813079 4.68576e-05
-0.00812558 1.34444e-05
-0.00812037 7.25577e-05
-0.00811517 9.11327e-05
-0.00810996 5.195e-05
-0.00810475 2.72848e-05
-0.00809955 0.000102416
-0.00809434 0.000127591
-0.00808913 8.18884e-05
-0.00808392 1.7359e-05
-0.00807872 0.000121321
-0.00807351 0.000177663
-0.0080683 0.000157712
-0.0080631 7.3543e-05
-0.00805789 2.8736e-05
-0.00805268 9.37109e-05
-0.00804747 8.88173e-05
-0.00804227 2.15893e-05
-0.00803706 6.42586e-05
-0.00803185 0.000113862
-0.00802665 9.27858e-05
-0.00802144 7.35568e-06
-0.00801623 9.79077e-05
-0.00801103 0.000164529
-0.00800582 0.000152546
-0.00800061 6.30454e-05
-0.0079954 6.19225e-05
-0.0079902 0.00016178
-0.00798499 0.000190135
-0.00797978 0.000138986
-0.00797458 4.17137e-05
-0.00796937 4.73979e-05
-0.00796416 8.21324e-05
-0.00795896 5.13507e-05
-0.00795375 1.83274e-05
-0.00794854 7.90463e-05
-0.00794333 9.11152e-05
-0.00793813 4.58117e-05
-0.00793292 2.99934e-05
-0.00792771 9.01576e-05
-0.00792251 9.73431e-05
-0.0079173 4.51998e-05
-0.00791209 3.76495e-05
-0.00790688 0.000103055
-0.00790168 0.000112296
-0.00789647 5.74915e-05
-0.00789126 3.41837e-05
-0.00788606 0.0001142
-0.00788085 0.000143297
-0.00787564 0.000111075
-0.00787044 4.19729e-05
-0.00786523 2.15894e-05
-0.00786002 4.09754e-05
-0.00785481 1.1096e-05
-0.00784961 4.79454e-05
-0.0078444 8.73644e-05
-0.00783919 7.58023e-05
-0.00783399 9.75614e-06
-0.00782878 8.04507e-05
-0.00782357 0.000145905
-0.00781837 0.000148115
-0.00781316 8.09768e-05
-0.00780795 2.45298e-05
-0.00780274 0.000116114
-0.00779754 0.000149469
-0.00779233 0.000111629
-0.00778712 2.77929e-05
-0.00778192 5.40821e-05
-0.00777671 8.99179e-05
-0.0077715 6.52584e-05
-0.00776629 3.37215e-06
-0.00776109 5.63854e-05
-0.00775588 6.88751e-05
-0.00775067 2.42827e-05
-0.00774547 5.32174e-05
-0.00774026 0.000117088
-0.00773505 0.000125634
-0.00772985 6.65635e-05
-0.00772464 3.50877e-05
-0.00771943 0.000128912
-0.00771422 0.000168087
-0.00770902 0.000133696
-0.00770381 4.52937e-05
-0.0076986 5.04212e-05
-0.0076934 0.000105474
-0.00768819 9.64332e-05
-0.00768298 3.56669e-05
-0.00767778 3.77654e-05
-0.00767257 8.16846e-05
-0.00766736 7.50703e-05
-0.00766215 2.89493e-05
-0.00765695 2.26691e-05
-0.00765174 4.24186e-05
-0.00764653 1.56009e-05
-0.00764133 4.37316e-05
-0.00763612 9.82534e-05
-0.00763091 0.000112352
-0.0076257 7.20747e-05
-0.0076205 5.60551e-06
-0.00761529 8.15509e-05
-0.00761008 0.00011764
-0.00760488 9.75285e-05
-0.00759967 3.60239e-05
-0.00759446 3.03475e-05
-0.00758926 6.47459e-05
-0.00758405 5.19602e-05
-0.00757884 6.5078e-06
-0.00757363 3.66793e-05
-0.00756843 4.39547e-05
-0.00756322 4.00063e-06
-0.00755801 6.45097e-05
-0.00755281 0.000122981
-0.0075476 0.000135622
-0.00754239 9.08606e-05
-0.00753719 9.30141e-06
-0.00753198 6.77232e-05
-0.00752677 0.000100137
-0.00752156 7.32453e-05
-0.00751636 5.78082e-06
-0.00751115 6.17801e-05
-0.00750594 8.80931e-05
-0.00750074 5.73768e-05
-0.00749553 1.28376e-05
-0.00749032 8.09003e-05
-0.00748511 0.000105865
-0.00747991 7.08489e-05
-0.0074747 8.12737e-06
-0.00746949 8.31596e-05
-0.00746429 0.000114634
-0.00745908 8.12794e-05
-0.00745387 4.70663e-06
-0.00744867 8.8995e-05
-0.00744346 0.000134625
-0.00743825 0.000113143
-0.00743304 3.53379e-05
-0.00742784 5.88258e-05
-0.00742263 0.000121255
-0.00741742 0.00012343
-0.00741222 7.01159e-05
-0.00740701 6.12749e-06
-0.0074018 5.77504e-05
-0.0073966 6.12402e-05
-0.00739139 1.86044e-05
-0.00738618 4.03985e-05
-0.00738097 7.48922e-05
-0.00737577 6.01785e-05
-0.00737056 4.1238e-06
-0.00736535 7.66192e-05
-0.00736015 0.000128871
-0.00735494 0.000131061
-0.00734973 8.40627e-05
-0.00734452 1.45187e-05
-0.00733932 4.189e-05
-0.00733411 5.92637e-05
-0.0073289 3.68844e-05
-0.0073237 3.76891e-06
-0.00731849 3.18441e-05
-0.00731328 2.87673e-05
-0.00730808 6.07698e-06
-0.00730287 4.29888e-05
-0.00729766 6.16482e-05
-0.00729245 4.58457e-05
-0.00728725 3.70097e-06
-0.00728204 3.83046e-05
-0.00727683 5.11922e-05
-0.00727163 2.16073e-05
-0.00726642 3.91079e-05
-0.00726121 9.93065e-05
-0.00725601 0.00012531
-0.0072508 0.000100045
-0.00724559 3.35855e-05
-0.00724038 4.21707e-05
-0.00723518 9.00144e-05
-0.00722997 8.90949e-05
-0.00722476 4.55781e-05
-0.00721956 1.46229e-05
-0.00721435 4.87979e-05
-0.00720914 4.13275e-05
-0.00720393 4.4704e-06
-0.00719873 5.95611e-05
-0.00719352 8.95652e-05
-0.00718831 7.23162e-05
-0.00718311 1.28975e-05
-0.0071779 6.47735e-05
-0.00717269 0.000119138
-0.00716749 0.000126656
-0.00716228 8.63073e-05
-0.00715707 2.14177e-05
-0.00715186 3.51643e-05
-0.00714666 5.63708e-05
-0.00714145 3.80717e-05
-0.00713624 4.82217e-06
-0.00713104 4.04045e-05
-0.00712583 5.21652e-05
-0.00712062 3.51519e-05
-0.00711542 3.55123e-06
-0.00711021 2.25286e-05
-0.007105 2.75633e-05
-0.00709979 1.34405e-05
-0.00709459 5.49868e-06
-0.00708938 7.86283e-06
-0.00708417 1.39636e-05
-0.00707897 5.28596e-05
-0.00707376 8.82056e-05
-0.00706855 9.83089e-05
-0.00706335 7.39299e-05
-0.00705814 2.47413e-05
-0.00705293 2.56667e-05
-0.00704772 5.27454e-05
-0.00704252 4.59667e-05
-0.00703731 1.48908e-05
-0.0070321 1.78079e-05
-0.0070269 2.63743e-05
-0.00702169 3.4598e-06
-0.00701648 4.11094e-05
-0.00701127 7.74603e-05
-0.00700607 7.98564e-05
-0.00700086 3.85039e-05
-0.00699565 3.2464e-05
-0.00699045 0.00010089
-0.00698524 0.0001342
-0.00698003 0.000116718
-0.00697483 5.87421e-05
-0.00696962 9.0406e-06
-0.00696441 5.14527e-05
-0.0069592 4.92066e-05
-0.006954 8.45411e-06
-0.00694879 4.56886e-05
-0.00694358 7.76515e-05
-0.00693838 6.82979e-05
-0.00693317 2.16206e-05
-0.00692796 3.81903e-05
-0.00692276 7.82773e-05
-0.00691755 7.97146e-05
-0.00691234 4.60762e-05
-0.00690713 4.02283e-06
-0.00690193 2.21438e-05
-0.00689672 6.03221e-06
-0.00689151 4.74993e-05
-0.00688631 0.000110478
-0.0068811 0.000149974
-0.00687589 0.000142888
-0.00687068 8.96076e-05
-0.00686548 1.38693e-05
-0.00686027 5.0381e-05
-0.00685506 7.66347e-05
-0.00684986 6.00246e-05
-0.00684465 1.84223e-05
-0.00683944 1.92183e-05
-0.00683424 2.80053e-05
-0.00682903 4.02892e-06
-0.00682382 4.0622e-05
-0.00681861 7.49343e-05
-0.00681341 7.75169e-05
-0.0068082 4.28524e-05
-0.00680299 1.46742e-05
-0.00679779 6.71431e-05
-0.00679258 9.09986e-05
-0.00678737 7.70229e-05
-0.00678217 3.54662e-05
-0.00677696 1.06109e-05
-0.00677175 3.80038e-05
-0.00676654 3.5335e-05
-0.00676134 7.42426e-06
-0.00675613 2.93575e-05
-0.00675092 5.68587e-05
-0.00674572 6.52706e-05
-0.00674051 5.65832e-05
-0.0067353 4.1085e-05
-0.00673009 2.94488e-05
-0.00672489 2.5828e-05
-0.00671968 2.61229e-05
-0.00671447 2.18793e-05
-0.00670927 7.47307e-06
-0.00670406 1.75441e-05
-0.00669885 4.18416e-05
-0.00669365 5.61261e-05
-0.00668844 5.46384e-05
-0.00668323 4.05588e-05
-0.00667802 2.4127e-05
-0.00667282 1.60782e-05
-0.00666761 2.12153e-05
-0.0066624 3.43261e-05
-0.0066572 4.26888e-05
-0.00665199 3.46451e-05
-0.00664678 7.40763e-06
-0.00664158 3.01341e-05
-0.00663637 6.05059e-05
-0.00663116 6.77026e-05
-0.00662595 4.60133e-05
-0.00662075 4.32401e-06
-0.00661554 3.79418e-05
-0.00661033 6.00666e-05
-0.00660513 5.14218e-05
-0.00659992 1.70955e-05
-0.00659471 2.73394e-05
-0.0065895 5.75085e-05
-0.0065843 6.10661e-05
-0.00657909 3.80578e-05
-0.00657388 3.59639e-06
-0.00656868 2.96013e-05
-0.00656347 4.15156e-05
-0.00655826 3.26375e-05
-0.00655306 1.29524e-05
-0.00654785 2.41672e-06
-0.00654264 1.81755e-06
-0.00653743 1.64492e-05
-0.00653223 4.21671e-05
-0.00652702 6.12439e-05
-0.00652181 6.22447e-05
-0.00651661 4.27602e-05
-0.0065114 1.02314e-05
-0.00650619 2.29646e-05
-0.00650099 4.50087e-05
-0.00649578 5.12368e-05
-0.00649057 4.41482e-05
-0.00648536 3.05182e-05
-0.00648016 1.66701e-05
-0.00647495 5.49125e-06
-0.00646974 5.93664e-06
-0.00646454 1.60477e-05
-0.00645933 2.57942e-05
-0.00645412 3.06383e-05
-0.00644891 2.51731e-05
-0.00644371 7.13329e-06
-0.0064385 1.95439e-05
-0.00643329 4.45781e-05
-0.00642809 5.59684e-05
-0.00642288 4.5878e-05
-0.00641767 1.54448e-05
-0.00641247 2.47816e-05
-0.00640726 5.92872e-05
-0.00640205 7.48215e-05
-0.00639684 6.66721e-05
-0.00639164 4.07434e-05
-0.00638643 1.08093e-05
-0.00638122 1.21697e-05
-0.00637602 1.56956e-05
-0.00637081 3.24384e-06
-0.0063656 1.68609e-05
-0.0063604 3.31324e-05
-0.00635519 3.7435e-05
-0.00634998 2.80935e-05
-0.00634477 1.03742e-05
-0.00633957 1.29772e-05
-0.00633436 2.77617e-05
-0.00632915 3.48809e-05
-0.00632395 3.44311e-05
-0.00631874 2.92041e-05
-0.00631353 2.2499e-05
-0.00630832 1.71212e-05
-0.00630312 1.54634e-05
-0.00629791 1.93309e-05
-0.0062927 2.89897e-05
-0.0062875 4.27731e-05
-0.00628229 5.62324e-05
-0.00627708 6.22941e-05
-0.00627188 5.36559e-05
-0.00626667 2.66444e-05
-0.00626146 1.61137e-05
-0.00625625 6.31509e-05
-0.00625105 0.000100576
-0.00624584 0.000115573
-0.00624063 0.00010329
-0.00623543 6.94463e-05
-0.00623022 2.81572e-05
-0.00622501 5.83215e-06
-0.00621981 1.86298e-05
-0.0062146 1.17865e-05
-0.00620939 7.52019e-06
-0.00620418 2.59066e-05
-0.00619898 3.40824e-05
-0.00619377 2.91288e-05
-0.00618856 1.56378e-05
-0.00618336 4.13787e-06
-0.00617815 1.05247e-05
-0.00617294 1.53271e-05
-0.00616773 1.98405e-05
-0.00616253 2.83248e-05
-0.00615732 4.06874e-05
-0.00615211 5.18799e-05
-0.00614691 5.44507e-05
-0.0061417 4.35909e-05
-0.00613649 2.16172e-05
-0.00613129 6.23514e-06
-0.00612608 1.92501e-05
-0.00612087 1.86521e-05
-0.00611566 7.4402e-06
-0.00611046 6.24479e-06
-0.00610525 1.96387e-06
-0.00610004 3.57343e-05
-0.00609484 8.89982e-05
-0.00608963 0.000141126
-0.00608442 0.000166529
-0.00607922 0.000148157
-0.00607401 8.79371e-05
-0.0060688 8.10107e-06
-0.00606359 5.94873e-05
-0.00605839 8.69778e-05
-0.00605318 6.6888e-05
-0.00604797 1.51525e-05
-0.00604277 3.74584e-05
-0.00603756 5.97757e-05
-0.00603235 3.85293e-05
-0.00602714 1.61556e-05
-0.00602194 7.63304e-05
-0.00601673 0.00011173
-0.00601152 0.000106209
-0.00600632 6.60051e-05
-0.00600111 1.53988e-05
-0.0059959 1.78257e-05
-0.0059907 1.77806e-05
-0.00598549 1.06879e-05
-0.00598028 4.50619e-05
-0.00597507 6.05155e-05
-0.00596987 4.36191e-05
-0.00596466 2.11633e-06
-0.00595945 4.6038e-05
-0.00595425 7.25268e-05
-0.00594904 6.75161e-05
-0.00594383 3.94559e-05
-0.00593863 1.13144e-05
-0.00593342 6.04577e-06
-0.00592821 3.08651e-05
-0.005923 7.27269e-05
-0.0059178 0.000103622
-0.00591259 9.78162e-05
-0.00590738 4.82658e-05
-0.00590218 2.70132e-05
-0.00589697 9.31013e-05
-0.00589176 0.000117128
-0.00588655 8.71375e-05
-0.00588135 2.00725e-05
-0.00587614 4.65293e-05
-0.00587093 7.48238e-05
-0.00586573 4.81415e-05
-0.00586052 1.91386e-05
-0.00585531 8.85135e-05
-0.00585011 0.00011899
-0.0058449 8.96875e-05
-0.00583969 1.24093e-05
-0.00583448 7.56063e-05
-0.00582928 0.000129582
-0.00582407 0.000124566
-0.00581886 6.75067e-05
-0.00581366 8.42027e-06
-0.00580845 5.61227e-05
-0.00580324 5.30231e-05
-0.00579804 2.67589e-06
-0.00579283 6.36298e-05
-0.00578762 0.000104902
-0.00578241 9.66148e-05
-0.00577721 4.40276e-05
-0.005772 2.12638e-05
-0.00576679 5.93764e-05
-0.00576159 4.78131e-05
-0.00575638 5.82162e-06
-0.00575117 6.70849e-05
-0.00574596 9.51449e-05
-0.00574076 6.72061e-05
-0.00573555 8.60683e-06
-0.00573034 8.95634e-05
-0.00572514 0.000134811
-0.00571993 0.00011725
-0.00571472 4.59474e-05
-0.00570952 3.91909e-05
-0.00570431 8.94594e-05
-0.0056991 7.51609e-05
-0.00569389 4.29873e-06
-0.00568869 8.77906e-05
-0.00568348 0.000145616
-0.00567827 0.00013765
-0.00567307 6.73146e-05
-0.00566786 2.72119e-05
-0.00566265 9.46032e-05
-0.00565745 9.96328e-05
-0.00565224 4.30555e-05
-0.00564703 3.91912e-05
-0.00564182 9.65725e-05
-0.00563662 9.36111e-05
-0.00563141 3.0018e-05
-0.0056262 5.9314e-05
-0.005621 0.000124163
-0.00561579 0.000128549
-0.00561058 7.1033e-05
-0.00560537 1.50534e-05
-0.00560017 7.98371e-05
-0.00559496 8.84147e-05
-0.00558975 3.88261e-05
-0.00558455 3.62533e-05
-0.00557934 8.93687e-05
-0.00557413 8.65584e-05
-0.00556893 2.76007e-05
-0.00556372 5.49954e-05
-0.00555851 0.00011314
-0.0055533 0.000114944
-0.0055481 6.20362e-05
-0.00554289 1.09047e-05
-0.00553768 5.59772e-05
-0.00553248 4.30251e-05
-0.00552727 2.47558e-05
-0.00552206 0.000105274
-0.00551686 0.000150765
-0.00551165 0.000129225
-0.00550644 4.7646e-05
-0.00550123 5.19504e-05
-0.00549603 0.000114202
-0.00549082 0.000105747
-0.00548561 3.37189e-05
-0.00548041 5.63624e-05
-0.0054752 0.000106293
-0.00546999 7.92767e-05
-0.00546478 1.74782e-05
-0.00545958 0.00013515
-0.00545437 0.000210056
-0.00544916 0.000199841
-0.00544396 0.000108346
-0.00543875 1.54935e-05
-0.00543354 0.000104596
-0.00542834 0.000111558
-0.00542313 3.56877e-05
-0.00541792 7.67197e-05
-0.00541271 0.000157851
-0.00540751 0.000158056
-0.0054023 7.37582e-05
-0.00539709 5.19001e-05
-0.00539189 0.000149276
-0.00538668 0.000168964
-0.00538147 0.000104969
-0.00537627 8.00833e-06
-0.00537106 8.26565e-05
-0.00536585 9.03152e-05
-0.00536064 2.01632e-05
-0.00535544 8.43301e-05
-0.00535023 0.000156124
-0.00534502 0.000145916
-0.00533982 5.16546e-05
-0.00533461 7.96778e-05
-0.0053294 0.000174893
-0.00532419 0.000181034
-0.00531899 9.40665e-05
-0.00531378 3.63432e-05
-0.00530857 0.000133967
-0.00530337 0.000139686
-0.00529816 4.58293e-05
-0.00529295 9.91879e-05
-0.00528775 0.0002148
-0.00528254 0.000236693
-0.00527733 0.000151398
-0.00527212 6.57794e-06
-0.00526692 0.000122276
-0.00526171 0.000161095
-0.0052565 9.22426e-05
-0.0052513 4.33836e-05
-0.00524609 0.000167613
-0.00524088 0.000210426
-0.00523568 0.000148729
-0.00523047 1.90847e-05
-0.00522526 0.000104631
-0.00522005 0.000153547
-0.00521485 0.000104399
-0.00520964 1.11413e-05
-0.00520443 0.000113005
-0.00519923 0.00014207
-0.00519402 7.4112e-05
-0.00518881 5.61949e-05
-0.0051836 0.000174425
-0.0051784 0.000214285
-0.00517319 0.000152869
-0.00516798 2.55607e-05
-0.00516278 9.49902e-05
-0.00515757 0.000140777
-0.00515236 8.88659e-05
-0.00514716 2.55356e-05
-0.00514195 0.000129697
-0.00513674 0.000156461
-0.00513153 8.43974e-05
-0.00512633 4.86067e-05
-0.00512112 0.000166458
-0.00511591 0.000199362
-0.00511071 0.000125089
-0.0051055 1.7241e-05
-0.00510029 0.000145578
-0.00509509 0.000186375
-0.00508988 0.000112743
-0.00508467 3.67924e-05
-0.00507946 0.000179435
-0.00507426 0.000234447
-0.00506905 0.000168613
-0.00506384 1.54367e-05
-0.00505864 0.000146054
-0.00505343 0.000231536
-0.00504822 0.000203115
-0.00504301 8.68653e-05
-0.00503781 4.37048e-05
-0.0050326 0.000109636
-0.00502739 7.46474e-05
-0.00502219 3.71774e-05
-0.00501698 0.000154079
-0.00501177 0.000203414
-0.00500657 0.000152672
-0.00500136 3.04388e-05
-0.00499615 9.13429e-05
-0.00499094 0.000138719
-0.00498574 8.22786e-05
-0.00498053 4.55137e-05
-0.00497532 0.000167222
-0.00497012 0.000206753
-0.00496491 0.000133985
-0.0049597 1.64257e-05
-0.0049545 0.000159762
-0.00494929 0.000216234
-0.00494408 0.000151551
-0.00493887 1.49386e-06
-0.00493367 0.000147834
-0.00492846 0.000208058
-0.00492325 0.000139975
-0.00491805 2.42943e-05
-0.00491284 0.000193235
-0.00490763 0.000275278
-0.00490242 0.000222904
-0.00489722 6.37812e-05
-0.00489201 0.000115755
-0.0048868 0.000217556
-0.0048816 0.000188876
-0.00487639 5.06352e-05
-0.00487118 0.000114529
-0.00486598 0.00020899
-0.00486077 0.000175951
-0.00485556 3.11003e-05
-0.00485035 0.000147555
-0.00484515 0.000262892
-0.00483994 0.000255483
-0.00483473 0.000135492
-0.00482953 2.45386e-05
-0.00482432 0.000131202
-0.00481911 0.000125996
-0.00481391 1.64379e-05
-0.0048087 0.000128902
-0.00480349 0.000221543
-0.00479828 0.000205121
-0.00479308 8.79464e-05
-0.00478787 6.27468e-05
-0.00478266 0.000160633
-0.00477746 0.000151917
-0.00477225 4.67731e-05
-0.00476704 8.65312e-05
-0.00476183 0.000161946
-0.00475663 0.000126779
-0.00475142 6.54706e-06
-0.00474621 0.000166666
-0.00474101 0.000264118
-0.0047358 0.000243092
-0.00473059 0.000114082
-0.00472539 5.18085e-05
-0.00472018 0.000163116
-0.00471497 0.000160892
-0.00470976 5.17248e-05
-0.00470456 9.66729e-05
-0.00469935 0.00019519
-0.00469414 0.000185484
-0.00468894 7.36192e-05
-0.00468373 7.43955e-05
-0.00467852 0.000170682
-0.00467332 0.000158941
-0.00466811 4.67888e-05
-0.0046629 9.80578e-05
-0.00465769 0.000187051
-0.00465249 0.000163107
-0.00464728 3.44468e-05
-0.00464207 0.000130422
-0.00463687 0.000239923
-0.00463166 0.000234741
-0.00462645 0.000120688
-0.00462124 3.45972e-05
-0.00461604 0.000140597
-0.00461083 0.000137758
-0.00460562 3.13939e-05
-0.00460042 0.000111224
-0.00459521 0.000200636
-0.00459 0.000178239
-0.0045848 5.15698e-05
-0.00457959 0.000109826
-0.00457438 0.000212867
-0.00456917 0.000197275
-0.00456397 7.03187e-05
-0.00455876 9.61401e-05
-0.00455355 0.000205539
-0.00454835 0.000193164
-0.00454314 6.29964e-05
-0.00453793 0.000113938
-0.00453273 0.000239909
-0.00452752 0.000246651
-0.00452231 0.000134133
-0.0045171 2.9982e-05
-0.0045119 0.000150111
-0.00450669 0.000158632
-0.00450148 5.52993e-05
-0.00449628 9.36451e-05
-0.00449107 0.000193066
-0.00448586 0.000177623
-0.00448065 4.96572e-05
-0.00447545 0.000120766
-0.00447024 0.000235981
-0.00446503 0.000228537
-0.00445983 0.000101625
-0.00445462 7.09073e-05
-0.00444941 0.000186079
-0.00444421 0.000171285
-0.004439 2.74027e-05
-0.00443379 0.000169906
-0.00442858 0.000311676
-0.00442338 0.000317476
-0.00441817 0.000181416
-0.00441296 2.38919e-05
-0.00440776 0.000186821
-0.00440255 0.000221208
-0.00439734 0.000113276
-0.00439214 7.03713e-05
-0.00438693 0.000221062
-0.00438172 0.000250734
-0.00437651 0.000141845
-0.00437131 4.29251e-05
-0.0043661 0.000197214
-0.00436089 0.000232804
-0.00435569 0.000130847
-0.00435048 4.68601e-05
-0.00434527 0.000192708
-0.00434006 0.000215781
-0.00433486 9.41544e-05
-0.00432965 0.00011154
-0.00432444 0.000290766
-0.00431924 0.000346163
-0.00431403 0.000247462
-0.00430882 4.8616e-05
-0.00430362 0.000142863
-0.00429841 0.000226274
-0.0042932 0.000163639
-0.00428799 7.96426e-07
-0.00428279 0.000166626
-0.00427758 0.000237079
-0.00427237 0.000172276
-0.00426717 1.14593e-05
-0.00426196 0.00015183
-0.00425675 0.000224517
-0.00425155 0.000168431
-0.00424634 2.18001e-05
-0.00424113 0.000125329
-0.00423592 0.000181139
-0.00423072 0.00010915
-0.00422551 5.27668e-05
-0.0042203 0.00021206
-0.0042151 0.000277368
-0.00420989 0.000209109
-0.00420468 4.35164e-05
-0.00419947 0.000130732
-0.00419427 0.000217782
-0.00418906 0.000174999
-0.00418385 3.26057e-05
-0.00417865 0.000125101
-0.00417344 0.000206171
-0.00416823 0.00016657
-0.00416303 3.24024e-05
-0.00415782 0.000117717
-0.00415261 0.000197316
-0.0041474 0.000165422
-0.0041422 4.8005e-05
-0.00413699 7.81926e-05
-0.00413178 0.000132121
-0.00412658 7.7302e-05
-0.00412137 5.8025e-05
-0.00411616 0.00019134
-0.00411096 0.00024306
-0.00410575 0.00017731
-0.00410054 2.73387e-05
-0.00409533 0.000125069
-0.00409013 0.000191764
-0.00408492 0.000134431
-0.00407971 1.59267e-05
-0.00407451 0.000173483
-0.0040693 0.000248735
-0.00406409 0.000196798
-0.00405888 4.4369e-05
-0.00405368 0.000127338
-0.00404847 0.000225623
-0.00404326 0.000202686
-0.00403806 7.98392e-05
-0.00403285 6.54218e-05
-0.00402764 0.000143373
-0.00402244 0.000105779
-0.00401723 2.77743e-05
-0.00401202 0.000180895
-0.00400681 0.000264691
-0.00400161 0.000229194
-0.0039964 9.24187e-05
-0.00399119 6.95824e-05
-0.00398599 0.00016565
-0.00398078 0.000141363
-0.00397557 9.64309e-06
-0.00397037 0.000156569
-0.00396516 0.000265315
-0.00395995 0.000256823
-0.00395474 0.000135917
-0.00394954 3.22316e-05
-0.00394433 0.00015958
-0.00393912 0.000184805
-0.00393392 0.000105757
-0.00392871 2.22734e-05
-0.0039235 0.00011963
-0.00391829 0.000130023
-0.00391309 5.04242e-05
-0.00390788 6.92527e-05
-0.00390267 0.000157107
-0.00389747 0.000163107
-0.00389226 8.77616e-05
-0.00388705 1.91197e-05
-0.00388185 8.86881e-05
-0.00387664 7.49593e-05
-0.00387143 1.84054e-05
-0.00386622 0.000137936
-0.00386102 0.000214431
-0.00385581 0.000200596
-0.0038506 9.98994e-05
-0.0038454 3.55539e-05
-0.00384019 0.000134901
-0.00383498 0.000149029
-0.00382978 7.80482e-05
-0.00382457 3.01559e-05
-0.00381936 0.000107349
-0.00381415 0.000106589
-0.00380895 2.76421e-05
-0.00380374 8.29125e-05
-0.00379853 0.000159519
-0.00379333 0.000156276
-0.00378812 7.38635e-05
-0.00378291 4.06685e-05
-0.0037777 0.000120871
-0.0037725 0.000119194
-0.00376729 3.41844e-05
-0.00376208 8.85892e-05
-0.00375688 0.000182311
-0.00375167 0.000196465
-0.00374646 0.000124696
-0.00374126 7.95819e-06
-0.00373605 9.17592e-05
-0.00373084 0.000121607
-0.00372563 7.15857e-05
-0.00372043 2.44312e-05
-0.00371522 0.000108586
-0.00371001 0.000132895
-0.00370481 8.53557e-05
-0.0036996 7.49507e-06
-0.00369439 8.73862e-05
-0.00368919 0.000117333
-0.00368398 8.47217e-05
-0.00367877 1.66008e-05
-0.00367356 4.22656e-05
-0.00366836 5.07317e-05
-0.00366315 3.78615e-06
-0.00365794 7.77607e-05
-0.00365274 0.000142925
-0.00364753 0.000157202
-0.00364232 0.00011332
-0.00363711 3.68626e-05
-0.00363191 2.93627e-05
-0.0036267 5.02841e-05
-0.00362149 1.8255e-05
-0.00361629 4.39869e-05
-0.00361108 9.7805e-05
-0.00360587 0.000111946
-0.00360067 8.01498e-05
-0.00359546 2.33225e-05
-0.00359025 2.46658e-05
-0.00358504 3.80097e-05
-0.00357984 1.4801e-05
-0.00357463 2.28239e-05
-0.00356942 4.32021e-05
-0.00356422 2.5631e-05
-0.00355901 2.5961e-05
-0.0035538 8.4318e-05
-0.0035486 0.000115059
-0.00354339 9.74578e-05
-0.00353818 3.79613e-05
-0.00353297 3.2601e-05
-0.00352777 7.4509e-05
-0.00352256 6.31925e-05
-0.00351735 2.1286e-06
-0.00351215 7.88998e-05
-0.00350694 0.000139086
-0.00350173 0.000149992
-0.00349653 0.000109852
-0.00349132 4.3392e-05
-0.00348611 1.34674e-05
-0.0034809 3.36225e-05
-0.0034757 1.46349e-05
-0.00347049 2.22354e-05
-0.00346528 4.54936e-05
-0.00346008 3.2967e-05
-0.00345487 1.49602e-05
-0.00344966 7.44361e-05
-0.00344445 0.000113661
-0.00343925 0.000110386
-0.00343404 6.58871e-05
-0.00342883 5.25071e-06
-0.00342363 3.84156e-05
-0.00341842 3.80383e-05
-0.00341321 8.89509e-06
-0.00340801 7.77942e-05
-0.0034028 0.000135747
-0.00339759 0.000153297
-0.00339238 0.000122402
-0.00338718 5.94566e-05
-0.00338197 5.59822e-06
-0.00337676 3.85371e-05
-0.00337156 2.9248e-05
-0.00336635 1.64122e-05
-0.00336114 7.30729e-05
-0.00335594 0.000115341
-0.00335073 0.000126462
-0.00334552 0.000106461
-0.00334031 6.93201e-05
-0.00333511 3.39189e-05
-0.0033299 1.4059e-05
-0.00332469 1.29502e-05
-0.00331949 2.35131e-05
-0.00331428 3.41635e-05
-0.00330907 3.58316e-05
-0.00330386 2.60893e-05
-0.00329866 9.87231e-06
-0.00329345 1.02185e-05
-0.00328824 1.90846e-05
-0.00328304 1.83114e-05
-0.00327783 9.08623e-06
-0.00327262 3.73252e-06
-0.00326742 1.21402e-05
-0.00326221 1.12416e-05
-0.003257 1.05748e-05
-0.00325179 3.62598e-05
-0.00324659 6.99052e-05
-0.00324138 9.89758e-05
-0.00323617 0.000111929
-0.00323097 0.000101639
-0.00322576 6.95195e-05
-0.00322055 2.65586e-05
-0.00321535 1.08994e-05
-0.00321014 2.66419e-05
-0.00320493 1.54841e-05
-0.00319972 1.60429e-05
-0.00319452 4.92624e-05
-0.00318931 6.56287e-05
-0.0031841 5.46856e-05
-0.0031789 2.11241e-05
-0.00317369 1.74025e-05
-0.00316848 3.9795e-05
-0.00316327 3.43179e-05
-0.00315807 7.26335e-06
-0.00315286 2.56795e-05
-0.00314765 3.45217e-05
-0.00314245 8.11034e-06
-0.00313724 4.82655e-05
-0.00313203 0.000108183
-0.00312683 0.000141056
-0.00312162 0.000127176
-0.00311641 7.0433e-05
-0.0031112 3.33944e-06
-0.003106 5.43969e-05
-0.00310079 5.93791e-05
-0.00309558 1.56399e-05
-0.00309038 5.37621e-05
-0.00308517 0.000111242
-0.00307996 0.000128522
-0.00307476 0.000100238
-0.00306955 4.64875e-05
-0.00306434 1.97289e-06
-0.00305913 1.49008e-05
-0.00305393 4.91008e-06
-0.00304872 3.73153e-05
-0.00304351 5.16844e-05
-0.00303831 2.84341e-05
-0.0030331 2.66692e-05
-0.00302789 8.30285e-05
-0.00302268 0.000104683
-0.00301748 7.24906e-05
-0.00301227 9.6263e-07
-0.00300706 7.33678e-05
-0.00300186 9.89252e-05
-0.00299665 5.26152e-05
-0.00299144 5.13692e-05
-0.00298624 0.000160921
-0.00298103 0.000217454
-0.00297582 0.000185555
-0.00297061 7.65195e-05
-0.00296541 5.56576e-05
-0.0029602 0.000140128
-0.00295499 0.000130702
-0.00294979 3.02407e-05
-0.00294458 0.000108803
-0.00293937 0.000212771
-0.00293417 0.000227725
-0.00292896 0.00014983
-0.00292375 2.74816e-05
-0.00291854 6.66931e-05
-0.00291334 7.81562e-05
-0.00290813 3.24543e-06
-0.00290292 0.000109404
-0.00289772 0.000184282
-0.00289251 0.000166803
-0.0028873 5.58334e-05
-0.00288209 9.25942e-05
-0.00287689 0.000195871
-0.00287168 0.00019269
-0.00286647 8.03934e-05
-0.00286127 8.05552e-05
-0.00285606 0.000198597
-0.00285085 0.000202927
-0.00284565 8.47786e-05
-0.00284044 9.60946e-05
-0.00283523 0.000242425
-0.00283002 0.000276014
-0.00282482 0.000181327
-0.00281961 1.61086e-05
-0.0028144 0.0001239
-0.0028092 0.000154908
-0.00280399 5.97201e-05
-0.00279878 0.000104547
-0.00279358 0.000237839
-0.00278837 0.000255967
-0.00278316 0.000140946
-0.00277795 4.62399e-05
-0.00277275 0.000197921
-0.00276754 0.000222795
-0.00276233 9.873e-05
-0.00275713 0.000111239
-0.00275192 0.000292459
-0.00274671 0.000342823
-0.0027415 0.000231225
-0.0027363 1.65782e-05
-0.00273109 0.000184608
-0.00272588 0.000263118
-0.00272068 0.000179336
-0.00271547 1.47874e-05
-0.00271026 0.000205461
-0.00270506 0.000282909
-0.00269985 0.000203981
-0.00269464 1.66982e-05
-0.00268943 0.000169203
-0.00268423 0.000245922
-0.00267902 0.000172328
-0.00267381 7.34119e-06
-0.00266861 0.000169399
-0.0026634 0.00022212
-0.00265819 0.000124764
-0.00265299 6.78355e-05
-0.00264778 0.000238358
-0.00264257 0.000279932
-0.00263736 0.000158482
-0.00263216 6.26424e-05
-0.00262695 0.000256825
-0.00262174 0.000307083
-0.00261654 0.000175473
-0.00261133 7.2046e-05
-0.00260612 0.000300445
-0.00260091 0.000382969
-0.00259571 0.000273954
-0.0025905 3.67092e-05
-0.00258529 0.000192267
-0.00258009 0.000281615
-0.00257488 0.000182349
-0.00256967 4.35805e-05
-0.00256447 0.000257224
-0.00255926 0.000327255
-0.00255405 0.000206045
-0.00254884 3.91296e-05
-0.00254364 0.000262957
-0.00253843 0.000329067
-0.00253322 0.000190819
-0.00252802 7.67693e-05
-0.00252281 0.000317052
-0.0025176 0.000382564
-0.0025124 0.000222561
-0.00250719 8.29154e-05
-0.00250198 0.000364484
-0.00249677 0.000459928
-0.00249157 0.000308415
-0.00248636 1.07233e-05
-0.00248115 0.00031822
-0.00247595 0.00043768
-0.00247074 0.000294693
-0.00246553 3.71821e-05
-0.00246032 0.000375279
-0.00245512 0.000531596
-0.00244991 0.000418948
-0.0024447 0.000102196
-0.0024395 0.000238402
-0.00243429 0.000409495
-0.00242908 0.000316766
-0.00242388 1.91855e-05
-0.00241867 0.000304981
-0.00241346 0.000461364
-0.00240825 0.000353979
-0.00240305 4.2527e-05
-0.00239784 0.000290782
-0.00239263 0.000446693
-0.00238743 0.000326603
-0.00238222 7.59071e-06
-0.00237701 0.000364195
-0.00237181 0.000534895
-0.0023666 0.000412675
-0.00236139 5.84789e-05
-0.00235618 0.000331372
-0.00235098 0.000536574
-0.00234577 0.000440589
-0.00234056 9.97675e-05
-0.00233536 0.00028692
-0.00233015 0.000491707
-0.00232494 0.000390368
-0.00231973 3.62257e-05
-0.00231453 0.000368452
-0.00230932 0.000587993
-0.00230411 0.00049083
-0.00229891 0.000128027
-0.0022937 0.000293252
-0.00228849 0.000527781
-0.00228329 0.000434597
-0.00227808 6.09252e-05
-0.00227287 0.000382148
-0.00226766 0.000639469
-0.00226246 0.000559618
-0.00225725 0.00018439
-0.00225204 0.00027243
-0.00224684 0.000546513
-0.00224163 0.000475537
-0.00223642 9.47721e-05
-0.00223122 0.000381167
-0.00222601 0.000679334
-0.0022208 0.000626785
-0.00221559 0.000251006
-0.00221039 0.000234249
-0.00220518 0.000550369
-0.00219997 0.000516024
-0.00219477 0.000152377
-0.00218956 0.000327372
-0.00218435 0.00064062
-0.00217914 0.00059981
-0.00217394 0.000223126
-0.00216873 0.00027364
-0.00216352 0.000600645
-0.00215832 0.000562771
-0.00215311 0.000175257
-0.0021479 0.000341632
-0.0021427 0.000687516
-0.00213749 0.000655554
-0.00213228 0.000254099
-0.00212707 0.000294891
-0.00212187 0.000681376
-0.00211666 0.000685578
-0.00211145 0.000305922
-0.00210625 0.000238001
-0.00210104 0.000630645
-0.00209583 0.000642537
-0.00209063 0.000264005
-0.00208542 0.000287527
-0.00208021 0.000691989
-0.002075 0.000712055
-0.0020698 0.000331897
-0.00206459 0.000231622
-0.00205938 0.000652863
-0.00205418 0.000686198
-0.00204897 0.000309525
-0.00204376 0.000261114
-0.00203855 0.00069461
-0.00203335 0.000737942
-0.00202814 0.000363735
-0.00202293 0.000211307
-0.00201773 0.000650699
-0.00201252 0.000693871
-0.00200731 0.000309754
-0.00200211 0.000281936
-0.0019969 0.000735662
-0.00199169 0.000780515
-0.00198648 0.000379695
-0.00198128 0.000244211
-0.00197607 0.000734838
-0.00197086 0.000807325
-0.00196566 0.000414763
-0.00196045 0.000221497
-0.00195524 0.000736904
-0.00195004 0.000833357
-0.00194483 0.000452425
-0.00193962 0.000188751
-0.00193441 0.000721101
-0.00192921 0.000836642
-0.001924 0.000467709
-0.00191879 0.000171978
-0.00191359 0.000709557
-0.00190838 0.000829073
-0.00190317 0.000456153
-0.00189796 0.000196405
-0.00189276 0.00075008
-0.00188755 0.000880177
-0.00188234 0.000506148
-0.00187714 0.00015839
-0.00187193 0.000726712
-0.00186672 0.000862665
-0.00186152 0.000477335
-0.00185631 0.000215969
-0.0018511 0.000822048
-0.00184589 0.000991883
-0.00184069 0.000625998
-0.00183548 6.49423e-05
-0.00183027 0.000679463
-0.00182507 0.000857281
-0.00181986 0.000489622
-0.00181465 0.000214452
-0.00180945 0.00084616
-0.00180424 0.00103312
-0.00179903 0.000656931
-0.00179382 7.42496e-05
-0.00178862 0.000742401
-0.00178341 0.000959846
-0.0017782 0.00059478
-0.001773 0.000149072
-0.00176779 0.000846539
-0.00176258 0.0010948
-0.00175737 0.000746616
-0.00175217 4.08472e-06
-0.00174696 0.000723825
-0.00174175 0.00100333
-0.00173655 0.000679923
-0.00173134 5.89889e-05
-0.00172613 0.00078438
-0.00172093 0.00107325
-0.00171572 0.000754404
-0.00171051 1.19918e-05
-0.0017053 0.000731185
-0.0017001 0.00103665
-0.00169489 0.000728209
-0.00168968 1.50434e-05
-0.00168448 0.000757495
-0.00167927 0.00105943
-0.00167406 0.000734486
-0.00166886 3.87165e-05
-0.00166365 0.000812997
-0.00165844 0.00113583
-0.00165323 0.000808022
-0.00164803 7.9847e-06
-0.00164282 0.000813314
-0.00163761 0.00117829
-0.00163241 0.000871225
-0.0016272 5.99093e-05
-0.00162199 0.000796929
-0.00161678 0.0012095
-0.00161158 0.000941791
-0.00160637 0.000148094
-0.00160116 0.000713576
-0.00159596 0.00114456
-0.00159075 0.000893806
-0.00158554 0.000104202
-0.00158034 0.000769121
-0.00157513 0.00122078
-0.00156992 0.000989238
-0.00156471 0.000209262
-0.00155951 0.000664784
-0.0015543 0.00112226
-0.00154909 0.000893958
-0.00154389 0.00011079
-0.00153868 0.000770028
-0.00153347 0.00123016
-0.00152827 0.000993458
-0.00152306 0.000190543
-0.00151785 0.000712979
-0.00151264 0.00118476
-0.00150744 0.000936972
-0.00150223 9.83102e-05
-0.00149702 0.000854794
-0.00149182 0.00136991
-0.00148661 0.001139
-0.0014814 0.00028007
-0.00147619 0.000725934
-0.00147099 0.00130919
-0.00146578 0.00113918
-0.00146057 0.000316839
-0.00145537 0.000681683
-0.00145016 0.00127861
-0.00144495 0.00112905
-0.00143975 0.000321628
-0.00143454 0.000671395
-0.00142933 0.00126755
-0.00142412 0.00111336
-0.00141892 0.000292284
-0.00141371 0.000720865
-0.0014085 0.00133416
-0.0014033 0.001184
-0.00139809 0.000350032
-0.00139288 0.00068669
-0.00138768 0.00132068
-0.00138247 0.00117497
-0.00137726 0.000324699
-0.00137205 0.000740556
-0.00136685 0.00139698
-0.00136164 0.00124879
-0.00135643 0.000362621
-0.00135123 0.000764243
-0.00134602 0.00148619
-0.00134081 0.0013817
-0.0013356 0.000500175
-0.0013304 0.00066112
-0.00132519 0.00143904
-0.00131998 0.00138579
-0.00131478 0.000528256
-0.00130957 0.000644871
-0.00130436 0.00146192
-0.00129916 0.00145585
-0.00129395 0.000633853
-0.00128874 0.000525615
-0.00128353 0.00134871
-0.00127833 0.0013571
-0.00127312 0.000546328
-0.00126791 0.000610023
-0.00126271 0.001434
-0.0012575 0.00143866
-0.00125229 0.000613727
-0.00124709 0.00056454
-0.00124188 0.00140735
-0.00123667 0.00141488
-0.00123146 0.000570588
-0.00122626 0.000643175
-0.00122105 0.00152095
-0.00121584 0.00154345
-0.00121064 0.000683209
-0.00120543 0.000572602
-0.00120022 0.00149879
-0.00119501 0.00155059
-0.00118981 0.000682361
-0.0011846 0.000619747
-0.00117939 0.00161299
-0.00117419 0.00172468
-0.00116898 0.000884388
-0.00116377 0.000431772
-0.00115857 0.00147202
-0.00115336 0.00164185
-0.00114815 0.00084759
-0.00114294 0.000447475
-0.00113774 0.00148953
-0.00113253 0.00167033
-0.00112732 0.000880967
-0.00112212 0.000422694
-0.00111691 0.00148213
-0.0011117 0.0016768
-0.0011065 0.000886335
-0.00110129 0.000435563
-0.00109608 0.00152104
-0.00109087 0.00173377
-0.00108567 0.000941029
-0.00108046 0.000404118
-0.00107525 0.00152129
-0.00107005 0.00175474
-0.00106484 0.000956683
-0.00105963 0.000421186
-0.00105442 0.00158415
-0.00104922 0.00185329
-0.00104401 0.00106103
-0.0010388 0.000346574
-0.0010336 0.00156308
-0.00102839 0.00188657
-0.00102318 0.0011275
-0.00101798 0.000277497
-0.00101277 0.00151459
-0.00100756 0.00186263
-0.00100235 0.00111261
-0.000997147 0.000307491
-0.00099194 0.00157724
-0.000986733 0.00195823
-0.000981526 0.00122435
-0.000976319 0.000203028
-0.000971112 0.00149563
-0.000965905 0.00189816
-0.000960698 0.00116921
-0.000955491 0.000273386
-0.000950284 0.00159042
-0.000945077 0.00200732
-0.00093987 0.00126726
-0.000934663 0.000213042
-0.000929456 0.00157859
-0.000924249 0.00202964
-0.000919042 0.00128861
-0.000913835 0.000231801
-0.000908628 0.00166002
-0.000903421 0.00216737
-0.000898214 0.0014496
-0.000893007 9.05229e-05
-0.0008878 0.00156838
-0.000882593 0.00212716
-0.000877386 0.00143327
-0.000872179 0.000124713
-0.000866972 0.00165442
-0.000861765 0.00227307
-0.000856558 0.00161805
-0.00085135 6.12224e-05
-0.000846143 0.00150219
-0.000840936 0.00216777
-0.000835729 0.00154764
-0.000830522 2.18706e-06
-0.000825315 0.0015832
-0.000820108 0.00227448
-0.000814901 0.00166733
-0.000809694 0.000107912
-0.000804487 0.00149928
-0.00079928 0.00221226
-0.000794073 0.00160207
-0.000788866 7.08781e-06
-0.000783659 0.00165603
-0.000778452 0.00242015
-0.000773245 0.00183044
-0.000768038 0.000214563
-0.000762831 0.00149964
-0.000757624 0.00231706
-0.000752417 0.00175338
-0.00074721 0.000121525
-0.000742003 0.00164203
-0.000736796 0.00251498
-0.000731589 0.00198197
-0.000726382 0.000338464
-0.000721175 0.00147334
-0.000715968 0.00240561
-0.00071076 0.00191216
-0.000705553 0.000269562
-0.000700346 0.00157666
-0.000695139 0.00255562
-0.000689932 0.002092
-0.000684725 0.000444007
-0.000679518 0.00144038
-0.000674311 0.00246938
-0.000669104 0.00204142
-0.000663897 0.000399165
-0.00065869 0.00150518
-0.000653483 0.00255888
-0.000648276 0.0021366
-0.000643069 0.000470166
-0.000637862 0.0014777
-0.000632655 0.0025674
-0.000627448 0.0021458
-0.000622241 0.000433535
-0.000617034 0.00159258
-0.000611827 0.00275921
-0.00060662 0.00237738
-0.000601413 0.000649378
-0.000596206 0.00143816
-0.000590999 0.00267884
-0.000585792 0.00234533
-0.000580585 0.000617443
-0.000575378 0.0015126
-0.00057017 0.00280841
-0.000564963 0.00250587
-0.000559756 0.000762722
-0.000554549 0.00142331
-0.000549342 0.00278585
-0.000544135 0.00252388
-0.000538928 0.000772894
-0.000533721 0.00146375
-0.000528514 0.00288947
-0.000523307 0.00266626
-0.0005181 0.000907934
-0.000512893 0.00137547
-0.000507686 0.002856
-0.000502479 0.00265856
-0.000497272 0.000876981
-0.000492065 0.00146811
-0.000486858 0.00301245
-0.000481651 0.00283943
-0.000476444 0.00102133
-0.000471237 0.00140854
-0.00046603 0.0030436
-0.000460823 0.00291824
-0.000455616 0.00107645
-0.000450409 0.00143887
-0.000445202 0.00317788
-0.000439995 0.00312093
-0.000434788 0.00127716
-0.000429581 0.00130678
-0.000424373 0.00314095
-0.000419166 0.00315202
-0.000413959 0.00131252
-0.000408752 0.00132951
-0.000403545 0.00324586
-0.000398338 0.00331051
-0.000393131 0.00145996
-0.000387924 0.0012557
-0.000382717 0.00326894
-0.00037751 0.00340021
-0.000372303 0.00155
-0.000367096 0.00122821
-0.000361889 0.00332548
-0.000356682 0.00350712
-0.000351475 0.00163807
-0.000346268 0.00122157
-0.000341061 0.00341617
-0.000335854 0.0036508
-0.000330647 0.0017525
-0.00032544 0.00120992
-0.000320233 0.00352794
-0.000315026 0.00383833
-0.000309819 0.00192366
-0.000304612 0.00114118
-0.000299405 0.00359288
-0.000294198 0.00399518
-0.000288991 0.00208148
-0.000283783 0.00106941
-0.000278576 0.00363859
-0.000273369 0.0041148
-0.000268162 0.00218183
-0.000262955 0.00107458
-0.000257748 0.003774
-0.000252541 0.00432421
-0.000247334 0.00235736
-0.000242127 0.00102976
-0.00023692 0.00388589
-0.000231713 0.00452765
-0.000226506 0.00252994
-0.000221299 0.000996854
-0.000216092 0.00402083
-0.000210885 0.00475586
-0.000205678 0.0027135
-0.000200471 0.000977861
-0.000195264 0.00419139
-0.000190057 0.00502082
-0.00018485 0.00290366
-0.000179643 0.00101007
-0.000174436 0.00448025
-0.000169229 0.005455
-0.000164022 0.00327779
-0.000158815 0.000883611
-0.000153608 0.00466073
-0.000148401 0.00582986
-0.000143194 0.00361765
-0.000137986 0.000796274
-0.000132779 0.0049
-0.000127572 0.00627078
-0.000122365 0.00399682
-0.000117158 0.000729438
-0.000111951 0.0052243
-0.000106744 0.00682294
-0.000101537 0.00444287
-9.63302e-05 0.000707292
-9.11231e-05 0.00572497
-8.59161e-05 0.00762985
-8.07091e-05 0.00510838
-7.5502e-05 0.0006203
-7.0295e-05 0.00636639
-6.5088e-05 0.00871306
-5.98809e-05 0.00600261
-5.46739e-05 0.000565175
-4.94668e-05 0.00741044
-4.42598e-05 0.0104592
-3.90528e-05 0.00746456
-3.38457e-05 0.00051255
-2.86387e-05 0.00934852
-2.34317e-05 0.0138127
-1.82246e-05 0.0102844
-1.30176e-05 0.00117958
-7.81055e-06 0.0165544
-2.60352e-06 0.0295723
2.60352e-06 0.0346512
7.81055e-06 0.0295723
1.30176e-05 0.0165544
1.82246e-05 0.00117958
2.34317e-05 0.0102844
2.86387e-05 0.0138127
3.38457e-05 0.00934852
3.90528e-05 0.00051255
4.42598e-05 0.00746456
4.94668e-05 0.0104592
5.46739e-05 0.00741044
5.98809e-05 0.000565175
6.5088e-05 0.00600261
7.0295e-05 0.00871306
7.5502e-05 0.00636639
8.07091e-05 0.0006203
8.59161e-05 0.00510838
9.11231e-05 0.00762985
9.63302e-05 0.00572497
0.000101537 0.000707292
0.000106744 0.00444287
0.000111951 0.00682294
0.000117158 0.0052243
0.000122365 0.000729438
0.000127572 0.00399682
0.000132779 0.00627078
0.000137986 0.0049
0.000143194 0.000796274
0.000148401 0.00361765
0.000153608 0.00582986
0.000158815 0.00466073
0.000164022 0.000883611
0.000169229 0.00327779
0.000174436 0.005455
0.000179643 0.00448025
0.00018485 0.00101007
0.000190057 0.00290366
0.000195264 0.00502082
0.000200471 0.00419139
0.000205678 0.000977861
0.000210885 0.0027135
0.000216092 0.00475586
0.000221299 0.00402083
0.000226506 0.000996854
0.000231713 0.00252994
0.00023692 0.00452765
0.000242127 0.00388589
0.000247334 0.00102976
0.000252541 0.00235736
0.000257748 0.00432421
0.000262955 0.003774
0.000268162 0.00107458
0.000273369 0.00218183
0.000278576 0.0041148
0.000283783 0.00363859
0.000288991 0.00106941
0.000294198 0.00208148
0.000299405 0.00399518
0.000304612 0.00359288
0.000309819 0.00114118
0.000315026 0.00192366
0.000320233 0.00383833
0.00032544 0.00352794
0.000330647 0.00120992
0.000335854 0.0017525
0.000341061 0.0036508
0.000346268 0.00341617
0.000351475 0.00122157
0.000356682 0.00163807
0.000361889 0.00350712
0.000367096 0.00332548
0.000372303 0.00122821
0.00037751 0.00155
0.000382717 0.00340021
0.000387924 0.00326894
0.000393131 0.0012557
0.000398338 0.00145996
0.000403545 0.00331051
0.000408752 0.00324586
0.000413959 0.00132951
0.000419166 0.00131252
0.000424373 0.00315202
0.000429581 0.00314095
0.000434788 0.00130678
0.000439995 0.00127716
0.000445202 0.00312093
0.000450409 0.00317788
0.000455616 0.00143887
0.000460823 0.00107645
0.00046603 0.00291824
0.000471237 0.0030436
0.000476444 0.00140854
0.000481651 0.00102133
0.000486858 0.00283943
0.000492065 0.00301245
0.000497272 0.00146811
0.000502479 0.000876981
0.000507686 0.00265856
0.000512893 0.002856
0.0005181 0.00137547
0.000523307 0.000907934
0.000528514 0.00266626
0.000533721 0.00288947
0.000538928 0.00146375
0.000544135 0.000772894
0.000549342 0.00252388
0.000554549 0.00278585
0.000559756 0.00142331
0.000564963 0.000762722
0.00057017 0.00250587
0.000575378 0.00280841
0.000580585 0.0015126
0.000585792 0.000617443
0.000590999 0.00234533
0.000596206 0.00267884
0.000601413 0.00143816
0.00060662 0.000649378
0.000611827 0.00237738
0.000617034 0.00275921
0.000622241 0.00159258
0.000627448 0.000433535
0.000632655 0.0021458
0.000637862 0.0025674
0.000643069 0.0014777
0.000648276 0.000470166
0.000653483 0.0021366
0.00065869 0.00255888
0.000663897 0.00150518
0.000669104 0.000399165
0.000674311 0.00204142
0.000679518 0.00246938
0.000684725 0.00144038
0.000689932 0.000444007
0.000695139 0.002092
0.000700346 0.00255562
0.000705553 0.00157666
0.00071076 0.000269562
0.000715968 0.00191216
0.000721175 0.00240561
0.000726382 0.00147334
0.000731589 0.000338464
0.000736796 0.00198197
0.000742003 0.00251498
0.00074721 0.00164203
0.000752417 0.000121525
0.000757624 0.00175338
0.000762831 0.00231706
0.000768038 0.00149964
0.000773245 0.000214563
0.000778452 0.00183044
0.000783659 0.00242015
0.000788866 0.00165603
0.000794073 7.08781e-06
0.00079928 0.00160207
0.000804487 0.00221226
0.000809694 0.00149928
0.000814901 0.000107912
0.000820108 0.00166733
0.000825315 0.00227448
0.000830522 0.0015832
0.000835729 2.18706e-06
0.000840936 0.00154764
0.000846143 0.00216777
0.00085135 0.00150219
0.000856558 6.12224e-05
0.000861765 0.00161805
0.000866972 0.00227307
0.000872179 0.00165442
0.000877386 0.000124713
0.000882593 0.00143327
0.0008878 0.00212716
0.000893007 0.00156838
0.000898214 9.05229e-05
0.000903421 0.0014496
0.000908628 0.00216737
0.000913835 0.00166002
0.000919042 0.000231801
0.000924249 0.00128861
0.000929456 0.00202964
0.000934663 0.00157859
0.00093987 0.000213042
0.000945077 0.00126726
0.000950284 0.00200732
0.000955491 0.00159042
0.000960698 0.000273386
0.000965905 0.00116921
0.000971112 0.00189816
0.000976319 0.00149563
0.000981526 0.000203028
0.000986733 0.00122435
0.00099194 0.00195823
0.000997147 0.00157724
0.00100235 0.000307491
0.00100756 0.00111261
0.00101277 0.00186263
0.00101798 0.00151459
0.00102318 0.000277497
0.00102839 0.0011275
0.0010336 0.00188657
0.0010388 0.00156308
0.00104401 0.000346574
0.00104922 0.00106103
0.00105442 0.00185329
0.00105963 0.00158415
0.00106484 0.000421186
0.00107005 0.000956683
0.00107525 0.00175474
0.00108046 0.00152129
0.00108567 0.000404118
0.00109087 0.000941029
0.00109608 0.00173377
0.00110129 0.00152104
0.0011065 0.000435563
0.0011117 0.000886335
0.00111691 0.0016768
0.00112212 0.00148213
0.00112732 0.000422694
0.00113253 0.000880967
0.00113774 0.00167033
0.00114294 0.00148953
0.00114815 0.000447475
0.00115336 0.00084759
0.00115857 0.00164185
0.00116377 0.00147202
0.00116898 0.000431772
0.00117419 0.000884388
0.00117939 0.00172468
0.0011846 0.00161299
0.00118981 0.000619747
0.00119501 0.000682361
0.00120022 0.00155059
0.00120543 0.00149879
0.00121064 0.000572602
0.00121584 0.000683209
0.00122105 0.00154345
0.00122626 0.00152095
0.00123146 0.000643175
0.00123667 0.000570588
0.00124188 0.00141488
0.00124709 0.00140735
0.00125229 0.00056454
0.0012575 0.000613727
0.00126271 0.00143866
0.00126791 0.001434
0.00127312 0.000610023
0.00127833 0.000546328
0.00128353 0.0013571
0.00128874 0.00134871
0.00129395 0.000525615
0.00129916 0.000633853
0.00130436 0.00145585
0.00130957 0.00146192
0.00131478 0.000644871
0.00131998 0.000528256
0.00132519 0.00138579
0.0013304 0.00143904
0.0013356 0.00066112
0.00134081 0.000500175
0.00134602 0.0013817
0.00135123 0.00148619
0.00135643 0.000764243
0.00136164 0.000362621
0.00136685 0.00124879
0.00137205 0.00139698
0.00137726 0.000740556
0.00138247 0.000324699
0.00138768 0.00117497
0.00139288 0.00132068
0.00139809 0.00068669
0.0014033 0.000350032
0.0014085 0.001184
0.00141371 0.00133416
0.00141892 0.000720865
0.00142412 0.000292284
0.00142933 0.00111336
0.00143454 0.00126755
0.00143975 0.000671395
0.00144495 0.000321628
0.00145016 0.00112905
0.00145537 0.00127861
0.00146057 0.000681683
0.00146578 0.000316839
0.00147099 0.00113918
0.00147619 0.00130919
0.0014814 0.000725934
0.00148661 0.00028007
0.00149182 0.001139
0.00149702 0.00136991
0.00150223 0.000854794
0.00150744 9.83102e-05
0.00151264 0.000936972
0.00151785 0.00118476
0.00152306 0.000712979
0.00152827 0.000190543
0.00153347 0.000993458
0.00153868 0.00123016
0.00154389 0.000770028
0.00154909 0.00011079
0.0015543 0.000893958
0.00155951 0.00112226
0.00156471 0.000664784
0.00156992 0.000209262
0.00157513 0.000989238
0.00158034 0.00122078
0.00158554 0.000769121
0.00159075 0.000104202
0.00159596 0.000893806
0.00160116 0.00114456
0.00160637 0.000713576
0.00161158 0.000148094
0.00161678 0.000941791
0.00162199 0.0012095
0.0016272 0.000796929
0.00163241 5.99093e-05
0.00163761 0.000871225
0.00164282 0.00117829
0.00164803 0.000813314
0.00165323 7.9847e-06
0.00165844 0.000808022
0.00166365 0.00113583
0.00166886 0.000812997
0.00167406 3.87165e-05
0.00167927 0.000734486
0.00168448 0.00105943
0.00168968 0.000757495
0.00169489 1.50434e-05
0.0017001 0.000728209
0.0017053 0.00103665
0.00171051 0.000731185
0.00171572 1.19918e-05
0.00172093 0.000754404
0.00172613 0.00107325
0.00173134 0.00078438
0.00173655 5.89889e-05
0.00174175 0.000679923
0.00174696 0.00100333
0.00175217 0.000723825
0.00175737 4.08472e-06
0.00176258 0.000746616
0.00176779 0.0010948
0.001773 0.000846539
0.0017782 0.000149072
0.00178341 0.00059478
0.00178862 0.000959846
0.00179382 0.000742401
0.00179903 7.42496e-05
0.00180424 0.000656931
0.00180945 0.00103312
0.00181465 0.00084616
0.00181986 0.000214452
0.00182507 0.000489622
0.00183027 0.000857281
0.00183548 0.000679463
0.00184069 6.49423e-05
0.00184589 0.000625998
0.0018511 0.000991883
0.00185631 0.000822048
0.00186152 0.000215969
0.00186672 0.000477335
0.00187193 0.000862665
0.00187714 0.000726712
0.00188234 0.00015839
0.00188755 0.000506148
0.00189276 0.000880177
0.00189796 0.00075008
0.00190317 0.000196405
0.00190838 0.000456153
0.00191359 0.000829073
0.00191879 0.000709557
0.001924 0.000171978
0.00192921 0.000467709
0.00193441 0.000836642
0.00193962 0.000721101
0.00194483 0.000188751
0.00195004 0.000452425
0.00195524 0.000833357
0.00196045 0.000736904
0.00196566 0.000221497
0.00197086 0.000414763
0.00197607 0.000807325
0.00198128 0.000734838
0.00198648 0.000244211
0.00199169 0.000379695
0.0019969 0.000780515
0.00200211 0.000735662
0.00200731 0.000281936
0.00201252 0.000309754
0.00201773 0.000693871
0.00202293 0.000650699
0.00202814 0.000211307
0.00203335 0.000363735
0.00203855 0.000737942
0.00204376 0.00069461
0.00204897 0.000261114
0.00205418 0.000309525
0.00205938 0.000686198
0.00206459 0.000652863
0.0020698 0.000231622
0.002075 0.000331897
0.00208021 0.000712055
0.00208542 0.000691989
0.00209063 0.000287527
0.00209583 0.000264005
0.00210104 0.000642537
0.00210625 0.000630645
0.00211145 0.000238001
0.00211666 0.000305922
0.00212187 0.000685578
0.00212707 0.000681376
0.00213228 0.000294891
0.00213749 0.000254099
0.0021427 0.000655554
0.0021479 0.000687516
0.00215311 0.000341632
0.00215832 0.000175257
0.00216352 0.000562771
0.00216873 0.000600645
0.00217394 0.00027364
0.00217914 0.000223126
0.00218435 0.00059981
0.00218956 0.00064062
0.00219477 0.000327372
0.00219997 0.000152377
0.00220518 0.000516024
0.00221039 0.000550369
0.00221559 0.000234249
0.0022208 0.000251006
0.00222601 0.000626785
0.00223122 0.000679334
0.00223642 0.000381167
0.00224163 9.47721e-05
0.00224684 0.000475537
0.00225204 0.000546513
0.00225725 0.00027243
0.00226246 0.00018439
0.00226766 0.000559618
0.00227287 0.000639469
0.00227808 0.000382148
0.00228329 6.09252e-05
0.00228849 0.000434597
0.0022937 0.000527781
0.00229891 0.000293252
0.00230411 0.000128027
0.00230932 0.00049083
0.00231453 0.000587993
0.00231973 0.000368452
0.00232494 3.62257e-05
0.00233015 0.000390368
0.00233536 0.000491707
0.00234056 0.00028692
0.00234577 9.97675e-05
0.00235098 0.000440589
0.00235618 0.000536574
0.00236139 0.000331372
0.0023666 5.84789e-05
0.00237181 0.000412675
0.00237701 0.000534895
0.00238222 0.000364195
0.00238743 7.59071e-06
0.00239263 0.000326603
0.00239784 0.000446693
0.00240305 0.000290782
0.00240825 4.2527e-05
0.00241346 0.000353979
0.00241867 0.000461364
0.00242388 0.000304981
0.00242908 1.91855e-05
0.00243429 0.000316766
0.0024395 0.000409495
0.0024447 0.000238402
0.00244991 0.000102196
0.00245512 0.000418948
0.00246032 0.000531596
0.00246553 0.000375279
0.00247074 3.71821e-05
0.00247595 0.000294693
0.00248115 0.00043768
0.00248636 0.00031822
0.00249157 1.07233e-05
0.00249677 0.000308415
0.00250198 0.000459928
0.00250719 0.000364484
0.0025124 8.29154e-05
0.0025176 0.000222561
0.00252281 0.000382564
0.00252802 0.000317052
0.00253322 7.67693e-05
0.00253843 0.000190819
0.00254364 0.000329067
0.00254884 0.000262957
0.00255405 3.91296e-05
0.00255926 0.000206045
0.00256447 0.000327255
0.00256967 0.000257224
0.00257488 4.35805e-05
0.00258009 0.000182349
0.00258529 0.000281615
0.0025905 0.000192267
0.00259571 3.67092e-05
0.00260091 0.000273954
0.00260612 0.000382969
0.00261133 0.000300445
0.00261654 7.2046e-05
0.00262174 0.000175473
0.00262695 0.000307083
0.00263216 0.000256825
0.00263736 6.26424e-05
0.00264257 0.000158482
0.00264778 0.000279932
0.00265299 0.000238358
0.00265819 6.78355e-05
0.0026634 0.000124764
0.00266861 0.00022212
0.00267381 0.000169399
0.00267902 7.34119e-06
0.00268423 0.000172328
0.00268943 0.000245922
0.00269464 0.000169203
0.00269985 1.66982e-05
0.00270506 0.000203981
0.00271026 0.000282909
0.00271547 0.000205461
0.00272068 1.47874e-05
0.00272588 0.000179336
0.00273109 0.000263118
0.0027363 0.000184608
0.0027415 1.65782e-05
0.00274671 0.000231225
0.00275192 0.000342823
0.00275713 0.000292459
0.00276233 0.000111239
0.00276754 9.873e-05
0.00277275 0.000222795
0.00277795 0.000197921
0.00278316 4.62399e-05
0.00278837 0.000140946
0.00279358 0.000255967
0.00279878 0.000237839
0.00280399 0.000104547
0.0028092 5.97201e-05
0.0028144 0.000154908
0.00281961 0.0001239
0.00282482 1.61086e-05
0.00283002 0.000181327
0.00283523 0.000276014
0.00284044 0.000242425
0.00284565 9.60946e-05
0.00285085 8.47786e-05
0.00285606 0.000202927
0.00286127 0.000198597
0.00286647 8.05552e-05
0.00287168 8.03934e-05
0.00287689 0.00019269
0.00288209 0.000195871
0.0028873 9.25942e-05
0.00289251 5.58334e-05
0.00289772 0.000166803
0.00290292 0.000184282
0.00290813 0.000109404
0.00291334 3.24543e-06
0.00291854 7.81562e-05
0.00292375 6.66931e-05
0.00292896 2.74816e-05
0.00293417 0.00014983
0.00293937 0.000227725
0.00294458 0.000212771
0.00294979 0.000108803
0.00295499 3.02407e-05
0.0029602 0.000130702
0.00296541 0.000140128
0.00297061 5.56576e-05
0.00297582 7.65195e-05
0.00298103 0.000185555
0.00298624 0.000217454
0.00299144 0.000160921
0.00299665 5.13692e-05
0.00300186 5.26152e-05
0.00300706 9.89252e-05
0.00301227 7.33678e-05
0.00301748 9.6263e-07
0.00302268 7.24906e-05
0.00302789 0.000104683
0.0030331 8.30285e-05
0.00303831 2.66692e-05
0.00304351 2.84341e-05
0.00304872 5.16844e-05
0.00305393 3.73153e-05
0.00305913 4.91008e-06
0.00306434 1.49008e-05
0.00306955 1.97289e-06
0.00307476 4.64875e-05
0.00307996 0.000100238
0.00308517 0.000128522
0.00309038 0.000111242
0.00309558 5.37621e-05
0.00310079 1.56399e-05
0.003106 5.93791e-05
0.0031112 5.43969e-05
0.00311641 3.33944e-06
0.00312162 7.0433e-05
0.00312683 0.000127176
0.00313203 0.000141056
0.00313724 0.000108183
0.00314245 4.82655e-05
0.00314765 8.11034e-06
0.00315286 3.45217e-05
0.00315807 2.56795e-05
0.00316327 7.26335e-06
0.00316848 3.43179e-05
0.00317369 3.9795e-05
0.0031789 1.74025e-05
0.0031841 2.11241e-05
0.00318931 5.46856e-05
0.00319452 6.56287e-05
0.00319972 4.92624e-05
0.00320493 1.60429e-05
0.00321014 1.54841e-05
0.00321535 2.66419e-05
0.00322055 1.08994e-05
0.00322576 2.65586e-05
0.00323097 6.95195e-05
0.00323617 0.000101639
0.00324138 0.000111929
0.00324659 9.89758e-05
0.00325179 6.99052e-05
0.003257 3.62598e-05
0.00326221 1.05748e-05
0.00326742 1.12416e-05
0.00327262 1.21402e-05
0.00327783 3.73252e-06
0.00328304 9.08623e-06
0.00328824 1.83114e-05
0.00329345 1.90846e-05
0.00329866 1.02185e-05
0.00330386 9.87231e-06
0.00330907 2.60893e-05
0.00331428 3.58316e-05
0.00331949 3.41635e-05
0.00332469 2.35131e-05
0.0033299 1.29502e-05
0.00333511 1.4059e-05
0.00334031 3.39189e-05
0.00334552 6.93201e-05
0.00335073 0.000106461
0.00335594 0.000126462
0.00336114 0.000115341
0.00336635 7.30729e-05
0.00337156 1.64122e-05
0.00337676 2.9248e-05
0.00338197 3.85371e-05
0.00338718 5.59822e-06
0.00339238 5.94566e-05
0.00339759 0.000122402
0.0034028 0.000153297
0.00340801 0.000135747
0.00341321 7.77942e-05
0.00341842 8.89509e-06
0.00342363 3.80383e-05
0.00342883 3.84156e-05
0.00343404 5.25071e-06
0.00343925 6.58871e-05
0.00344445 0.000110386
0.00344966 0.000113661
0.00345487 7.44361e-05
0.00346008 1.49602e-05
0.00346528 3.2967e-05
0.00347049 4.54936e-05
0.0034757 2.22354e-05
0.0034809 1.46349e-05
0.00348611 3.36225e-05
0.00349132 1.34674e-05
0.00349653 4.3392e-05
0.00350173 0.000109852
0.00350694 0.000149992
0.00351215 0.000139086
0.00351735 7.88998e-05
0.00352256 2.1286e-06
0.00352777 6.31925e-05
0.00353297 7.4509e-05
0.00353818 3.2601e-05
0.00354339 3.79613e-05
0.0035486 9.74578e-05
0.0035538 0.000115059
0.00355901 8.4318e-05
0.00356422 2.5961e-05
0.00356942 2.5631e-05
0.00357463 4.32021e-05
0.00357984 2.28239e-05
0.00358504 1.4801e-05
0.00359025 3.80097e-05
0.00359546 2.46658e-05
0.00360067 2.33225e-05
0.00360587 8.01498e-05
0.00361108 0.000111946
0.00361629 9.7805e-05
0.00362149 4.39869e-05
0.0036267 1.8255e-05
0.00363191 5.02841e-05
0.00363711 2.93627e-05
0.00364232 3.68626e-05
0.00364753 0.00011332
0.00365274 0.000157202
0.00365794 0.000142925
0.00366315 7.77607e-05
0.00366836 3.78615e-06
0.00367356 5.07317e-05
0.00367877 4.22656e-05
0.00368398 1.66008e-05
0.00368919 8.47217e-05
0.00369439 0.000117333
0.0036996 8.73862e-05
0.00370481 7.49507e-06
0.00371001 8.53557e-05
0.00371522 0.000132895
0.00372043 0.000108586
0.00372563 2.44312e-05
0.00373084 7.15857e-05
0.00373605 0.000121607
0.00374126 9.17592e-05
0.00374646 7.95819e-06
0.00375167 0.000124696
0.00375688 0.000196465
0.00376208 0.000182311
0.00376729 8.85892e-05
0.0037725 3.41844e-05
0.0037777 0.000119194
0.00378291 0.000120871
0.00378812 4.06685e-05
0.00379333 7.38635e-05
0.00379853 0.000156276
0.00380374 0.000159519
0.00380895 8.29125e-05
0.00381415 2.76421e-05
0.00381936 0.000106589
0.00382457 0.000107349
0.00382978 3.01559e-05
0.00383498 7.80482e-05
0.00384019 0.000149029
0.0038454 0.000134901
0.0038506 3.55539e-05
0.00385581 9.98994e-05
0.00386102 0.000200596
0.00386622 0.000214431
0.00387143 0.000137936
0.00387664 1.84054e-05
0.00388185 7.49593e-05
0.00388705 8.86881e-05
0.00389226 1.91197e-05
0.00389747 8.77616e-05
0.00390267 0.000163107
0.00390788 0.000157107
0.00391309 6.92527e-05
0.00391829 5.04242e-05
0.0039235 0.000130023
0.00392871 0.00011963
0.00393392 2.22734e-05
0.00393912 0.000105757
0.00394433 0.000184805
0.00394954 0.00015958
0.00395474 3.22316e-05
0.00395995 0.000135917
0.00396516 0.000256823
0.00397037 0.000265315
0.00397557 0.000156569
0.00398078 9.64309e-06
0.00398599 0.000141363
0.00399119 0.00016565
0.0039964 6.95824e-05
0.00400161 9.24187e-05
0.00400681 0.000229194
0.00401202 0.000264691
0.00401723 0.000180895
0.00402244 2.77743e-05
0.00402764 0.000105779
0.00403285 0.000143373
0.00403806 6.54218e-05
0.00404326 7.98392e-05
0.00404847 0.000202686
0.00405368 0.000225623
0.00405888 0.000127338
0.00406409 4.4369e-05
0.0040693 0.000196798
0.00407451 0.000248735
0.00407971 0.000173483
0.00408492 1.59267e-05
0.00409013 0.000134431
0.00409533 0.000191764
0.00410054 0.000125069
0.00410575 2.73387e-05
0.00411096 0.00017731
0.00411616 0.00024306
0.00412137 0.00019134
0.00412658 5.8025e-05
0.00413178 7.7302e-05
0.00413699 0.000132121
0.0041422 7.81926e-05
0.0041474 4.8005e-05
0.00415261 0.000165422
0.00415782 0.000197316
0.00416303 0.000117717
0.00416823 3.24024e-05
0.00417344 0.00016657
0.00417865 0.000206171
0.00418385 0.000125101
0.00418906 3.26057e-05
0.00419427 0.000174999
0.00419947 0.000217782
0.00420468 0.000130732
0.00420989 4.35164e-05
0.0042151 0.000209109
0.0042203 0.000277368
0.00422551 0.00021206
0.00423072 5.27668e-05
0.00423592 0.00010915
0.00424113 0.000181139
0.00424634 0.000125329
0.00425155 2.18001e-05
0.00425675 0.000168431
0.00426196 0.000224517
0.00426717 0.00015183
0.00427237 1.14593e-05
0.00427758 0.000172276
0.00428279 0.000237079
0.00428799 0.000166626
0.0042932 7.96426e-07
0.00429841 0.000163639
0.00430362 0.000226274
0.00430882 0.000142863
0.00431403 4.8616e-05
0.00431924 0.000247462
0.00432444 0.000346163
0.00432965 0.000290766
0.00433486 0.00011154
0.00434006 9.41544e-05
0.00434527 0.000215781
0.00435048 0.000192708
0.00435569 4.68601e-05
0.00436089 0.000130847
0.0043661 0.000232804
0.00437131 0.000197214
0.00437651 4.29251e-05
0.00438172 0.000141845
0.00438693 0.000250734
0.00439214 0.000221062
0.00439734 7.03713e-05
0.00440255 0.000113276
0.00440776 0.000221208
0.00441296 0.000186821
0.00441817 2.38919e-05
0.00442338 0.000181416
0.00442858 0.000317476
0.00443379 0.000311676
0.004439 0.000169906
0.00444421 2.74027e-05
0.00444941 0.000171285
0.00445462 0.000186079
0.00445983 7.09073e-05
0.00446503 0.000101625
0.00447024 0.000228537
0.00447545 0.000235981
0.00448065 0.000120766
0.00448586 4.96572e-05
0.00449107 0.000177623
0.00449628 0.000193066
0.00450148 9.36451e-05
0.00450669 5.52993e-05
0.0045119 0.000158632
0.0045171 0.000150111
0.00452231 2.9982e-05
0.00452752 0.000134133
0.00453273 0.000246651
0.00453793 0.000239909
0.00454314 0.000113938
0.00454835 6.29964e-05
0.00455355 0.000193164
0.00455876 0.000205539
0.00456397 9.61401e-05
0.00456917 7.03187e-05
0.00457438 0.000197275
0.00457959 0.000212867
0.0045848 0.000109826
0.00459 5.15698e-05
0.00459521 0.000178239
0.00460042 0.000200636
0.00460562 0.000111224
0.00461083 3.13939e-05
0.00461604 0.000137758
0.00462124 0.000140597
0.00462645 3.45972e-05
0.00463166 0.000120688
0.00463687 0.000234741
0.00464207 0.000239923
0.00464728 0.000130422
0.00465249 3.44468e-05
0.00465769 0.000163107
0.0046629 0.000187051
0.00466811 9.80578e-05
0.00467332 4.67888e-05
0.00467852 0.000158941
0.00468373 0.000170682
0.00468894 7.43955e-05
0.00469414 7.36192e-05
0.00469935 0.000185484
0.00470456 0.00019519
0.00470976 9.66729e-05
0.00471497 5.17248e-05
0.00472018 0.000160892
0.00472539 0.000163116
0.00473059 5.18085e-05
0.0047358 0.000114082
0.00474101 0.000243092
0.00474621 0.000264118
0.00475142 0.000166666
0.00475663 6.54706e-06
0.00476183 0.000126779
0.00476704 0.000161946
0.00477225 8.65312e-05
0.00477746 4.67731e-05
0.00478266 0.000151917
0.00478787 0.000160633
0.00479308 6.27468e-05
0.00479828 8.79464e-05
0.00480349 0.000205121
0.0048087 0.000221543
0.00481391 0.000128902
0.00481911 1.64379e-05
0.00482432 0.000125996
0.00482953 0.000131202
0.00483473 2.45386e-05
0.00483994 0.000135492
0.00484515 0.000255483
0.00485035 0.000262892
0.00485556 0.000147555
0.00486077 3.11003e-05
0.00486598 0.000175951
0.00487118 0.00020899
0.00487639 0.000114529
0.0048816 5.06352e-05
0.0048868 0.000188876
0.00489201 0.000217556
0.00489722 0.000115755
0.00490242 6.37812e-05
0.00490763 0.000222904
0.00491284 0.000275278
0.00491805 0.000193235
0.00492325 2.42943e-05
0.00492846 0.000139975
0.00493367 0.000208058
0.00493887 0.000147834
0.00494408 1.49386e-06
0.00494929 0.000151551
0.0049545 0.000216234
0.0049597 0.000159762
0.00496491 1.64257e-05
0.00497012 0.000133985
0.00497532 0.000206753
0.00498053 0.000167222
0.00498574 4.55137e-05
0.00499094 8.22786e-05
0.00499615 0.000138719
0.00500136 9.13429e-05
0.00500657 3.04388e-05
0.00501177 0.000152672
0.00501698 0.000203414
0.00502219 0.000154079
0.00502739 3.71774e-05
0.0050326 7.46474e-05
0.00503781 0.000109636
0.00504301 4.37048e-05
0.00504822 8.68653e-05
0.00505343 0.000203115
0.00505864 0.000231536
0.00506384 0.000146054
0.00506905 1.54367e-05
0.00507426 0.000168613
0.00507946 0.000234447
0.00508467 0.000179435
0.00508988 3.67924e-05
0.00509509 0.000112743
0.00510029 0.000186375
0.0051055 0.000145578
0.00511071 1.7241e-05
0.00511591 0.000125089
0.00512112 0.000199362
0.00512633 0.000166458
0.00513153 4.86067e-05
0.00513674 8.43974e-05
0.00514195 0.000156461
0.00514716 0.000129697
0.00515236 2.55356e-05
0.00515757 8.88659e-05
0.00516278 0.000140777
0.00516798 9.49902e-05
0.00517319 2.55607e-05
0.0051784 0.000152869
0.0051836 0.000214285
0.00518881 0.000174425
0.00519402 5.61949e-05
0.00519923 7.4112e-05
0.00520443 0.00014207
0.00520964 0.000113005
0.00521485 1.11413e-05
0.00522005 0.000104399
0.00522526 0.000153547
0.00523047 0.000104631
0.00523568 1.90847e-05
0.00524088 0.000148729
0.00524609 0.000210426
0.0052513 0.000167613
0.0052565 4.33836e-05
0.00526171 9.22426e-05
0.00526692 0.000161095
0.00527212 0.000122276
0.00527733 6.57794e-06
0.00528254 0.000151398
0.00528775 0.000236693
0.00529295 0.0002148
0.00529816 9.91879e-05
0.00530337 4.58293e-05
0.00530857 0.000139686
0.00531378 0.000133967
0.00531899 3.63432e-05
0.00532419 9.40665e-05
0.0053294 0.000181034
0.00533461 0.000174893
0.00533982 7.96778e-05
0.00534502 5.16546e-05
0.00535023 0.000145916
0.00535544 0.000156124
0.00536064 8.43301e-05
0.00536585 2.01632e-05
0.00537106 9.03152e-05
0.00537627 8.26565e-05
0.00538147 8.00833e-06
0.00538668 0.000104969
0.00539189 0.000168964
0.00539709 0.000149276
0.0054023 5.19001e-05
0.00540751 7.37582e-05
0.00541271 0.000158056
0.00541792 0.000157851
0.00542313 7.67197e-05
0.00542834 3.56877e-05
0.00543354 0.000111558
0.00543875 0.000104596
0.00544396 1.54935e-05
0.00544916 0.000108346
0.00545437 0.000199841
0.00545958 0.000210056
0.00546478 0.00013515
0.00546999 1.74782e-05
0.0054752 7.92767e-05
0.00548041 0.000106293
0.00548561 5.63624e-05
0.00549082 3.37189e-05
0.00549603 0.000105747
0.00550123 0.000114202
0.00550644 5.19504e-05
0.00551165 4.7646e-05
0.00551686 0.000129225
0.00552206 0.000150765
0.00552727 0.000105274
0.00553248 2.47558e-05
0.00553768 4.30251e-05
0.00554289 5.59772e-05
0.0055481 1.09047e-05
0.0055533 6.20362e-05
0.00555851 0.000114944
0.00556372 0.00011314
0.00556893 5.49954e-05
0.00557413 2.76007e-05
0.00557934 8.65584e-05
0.00558455 8.93687e-05
0.00558975 3.62533e-05
0.00559496 3.88261e-05
0.00560017 8.84147e-05
0.00560537 7.98371e-05
0.00561058 1.50534e-05
0.00561579 7.1033e-05
0.005621 0.000128549
0.0056262 0.000124163
0.00563141 5.9314e-05
0.00563662 3.0018e-05
0.00564182 9.36111e-05
0.00564703 9.65725e-05
0.00565224 3.91912e-05
0.00565745 4.30555e-05
0.00566265 9.96328e-05
0.00566786 9.46032e-05
0.00567307 2.72119e-05
0.00567827 6.73146e-05
0.00568348 0.00013765
0.00568869 0.000145616
0.00569389 8.77906e-05
0.0056991 4.29873e-06
0.00570431 7.51609e-05
0.00570952 8.94594e-05
0.00571472 3.91909e-05
0.00571993 4.59474e-05
0.00572514 0.00011725
0.00573034 0.000134811
0.00573555 8.95634e-05
0.00574076 8.60683e-06
0.00574596 6.72061e-05
0.00575117 9.51449e-05
0.00575638 6.70849e-05
0.00576159 5.82162e-06
0.00576679 4.78131e-05
0.005772 5.93764e-05
0.00577721 2.12638e-05
0.00578241 4.40276e-05
0.00578762 9.66148e-05
0.00579283 0.000104902
0.00579804 6.36298e-05
0.00580324 2.67589e-06
0.00580845 5.30231e-05
0.00581366 5.61227e-05
0.00581886 8.42027e-06
0.00582407 6.75067e-05
0.00582928 0.000124566
0.00583448 0.000129582
0.00583969 7.56063e-05
0.0058449 1.24093e-05
0.00585011 8.96875e-05
0.00585531 0.00011899
0.00586052 8.85135e-05
0.00586573 1.91386e-05
0.00587093 4.81415e-05
0.00587614 7.48238e-05
0.00588135 4.65293e-05
0.00588655 2.00725e-05
0.00589176 8.71375e-05
0.00589697 0.000117128
0.00590218 9.31013e-05
0.00590738 2.70132e-05
0.00591259 4.82658e-05
0.0059178 9.78162e-05
0.005923 0.000103622
0.00592821 7.27269e-05
0.00593342 3.08651e-05
0.00593863 6.04577e-06
0.00594383 1.13144e-05
0.00594904 3.94559e-05
0.00595425 6.75161e-05
0.00595945 7.25268e-05
0.00596466 4.6038e-05
0.00596987 2.11633e-06
0.00597507 4.36191e-05
0.00598028 6.05155e-05
0.00598549 4.50619e-05
0.0059907 1.06879e-05
0.0059959 1.77806e-05
0.00600111 1.78257e-05
0.00600632 1.53988e-05
0.00601152 6.60051e-05
0.00601673 0.000106209
0.00602194 0.00011173
0.00602714 7.63304e-05
0.00603235 1.61556e-05
0.00603756 3.85293e-05
0.00604277 5.97757e-05
0.00604797 3.74584e-05
0.00605318 1.51525e-05
0.00605839 6.6888e-05
0.00606359 8.69778e-05
0.0060688 5.94873e-05
0.00607401 8.10107e-06
0.00607922 8.79371e-05
0.00608442 0.000148157
0.00608963 0.000166529
0.00609484 0.000141126
0.00610004 8.89982e-05
0.00610525 3.57343e-05
0.00611046 1.96387e-06
0.00611566 6.24479e-06
0.00612087 7.4402e-06
0.00612608 1.86521e-05
0.00613129 1.92501e-05
0.00613649 6.23514e-06
0.0061417 2.16172e-05
0.00614691 4.35909e-05
0.00615211 5.44507e-05
0.00615732 5.18799e-05
0.00616253 4.06874e-05
0.00616773 2.83248e-05
0.00617294 1.98405e-05
0.00617815 1.53271e-05
0.00618336 1.05247e-05
0.00618856 4.13787e-06
0.00619377 1.56378e-05
0.00619898 2.91288e-05
0.00620418 3.40824e-05
0.00620939 2.59066e-05
0.0062146 7.52019e-06
0.00621981 1.17865e-05
0.00622501 1.86298e-05
0.00623022 5.83215e-06
0.00623543 2.81572e-05
0.00624063 6.94463e-05
0.00624584 0.00010329
0.00625105 0.000115573
0.00625625 0.000100576
0.00626146 6.31509e-05
0.00626667 1.61137e-05
0.00627188 2.66444e-05
0.00627708 5.36559e-05
0.00628229 6.22941e-05
0.0062875 5.62324e-05
0.0062927 4.27731e-05
0.00629791 2.89897e-05
0.00630312 1.93309e-05
0.00630832 1.54634e-05
0.00631353 1.71212e-05
0.00631874 2.2499e-05
0.00632395 2.92041e-05
0.00632915 3.44311e-05
0.00633436 3.48809e-05
0.00633957 2.77617e-05
0.00634477 1.29772e-05
0.00634998 1.03742e-05
0.00635519 2.80935e-05
0.0063604 3.7435e-05
0.0063656 3.31324e-05
0.00637081 1.68609e-05
0.00637602 3.24384e-06
0.00638122 1.56956e-05
0.00638643 1.21697e-05
0.00639164 1.08093e-05
0.00639684 4.07434e-05
0.00640205 6.66721e-05
0.00640726 7.48215e-05
0.00641247 5.92872e-05
0.00641767 2.47816e-05
0.00642288 1.54448e-05
0.00642809 4.5878e-05
0.00643329 5.59684e-05
0.0064385 4.45781e-05
0.00644371 1.95439e-05
0.00644891 7.13329e-06
0.00645412 2.51731e-05
0.00645933 3.06383e-05
0.00646454 2.57942e-05
0.00646974 1.60477e-05
0.00647495 5.93664e-06
0.00648016 5.49125e-06
0.00648536 1.66701e-05
0.00649057 3.05182e-05
0.00649578 4.41482e-05
0.00650099 5.12368e-05
0.00650619 4.50087e-05
0.0065114 2.29646e-05
0.00651661 1.02314e-05
0.00652181 4.27602e-05
0.00652702 6.22447e-05
0.00653223 6.12439e-05
0.00653743 4.21671e-05
0.00654264 1.64492e-05
0.00654785 1.81755e-06
0.00655306 2.41672e-06
0.00655826 1.29524e-05
0.00656347 3.26375e-05
0.00656868 4.15156e-05
0.00657388 2.96013e-05
0.00657909 3.59639e-06
0.0065843 3.80578e-05
0.0065895 6.10661e-05
0.00659471 5.75085e-05
0.00659992 2.73394e-05
0.00660513 1.70955e-05
0.00661033 5.14218e-05
0.00661554 6.00666e-05
0.00662075 3.79418e-05
0.00662595 4.32401e-06
0.00663116 4.60133e-05
0.00663637 6.77026e-05
0.00664158 6.05059e-05
0.00664678 3.01341e-05
0.00665199 7.40763e-06
0.0066572 3.46451e-05
0.0066624 4.26888e-05
0.00666761 3.43261e-05
0.00667282 2.12153e-05
0.00667802 1.60782e-05
0.00668323 2.4127e-05
0.00668844 4.05588e-05
0.00669365 5.46384e-05
0.00669885 5.61261e-05
0.00670406 4.18416e-05
0.00670927 1.75441e-05
0.00671447 7.47307e-06
0.00671968 2.18793e-05
0.00672489 2.61229e-05
0.00673009 2.5828e-05
0.0067353 2.94488e-05
0.00674051 4.1085e-05
0.00674572 5.65832e-05
0.00675092 6.52706e-05
0.00675613 5.68587e-05
0.00676134 2.93575e-05
0.00676654 7.42426e-06
0.00677175 3.5335e-05
0.00677696 3.80038e-05
0.00678217 1.06109e-05
0.00678737 3.54662e-05
0.00679258 7.70229e-05
0.00679779 9.09986e-05
0.00680299 6.71431e-05
0.0068082 1.46742e-05
0.00681341 4.28524e-05
0.00681861 7.75169e-05
0.00682382 7.49343e-05
0.00682903 4.0622e-05
0.00683424 4.02892e-06
0.00683944 2.80053e-05
0.00684465 1.92183e-05
0.00684986 1.84223e-05
0.00685506 6.00246e-05
0.00686027 7.66347e-05
0.00686548 5.0381e-05
0.00687068 1.38693e-05
0.00687589 8.96076e-05
0.0068811 0.000142888
0.00688631 0.000149974
0.00689151 0.000110478
0.00689672 4.74993e-05
0.00690193 6.03221e-06
0.00690713 2.21438e-05
0.00691234 4.02283e-06
0.00691755 4.60762e-05
0.00692276 7.97146e-05
0.00692796 7.82773e-05
0.00693317 3.81903e-05
0.00693838 2.16206e-05
0.00694358 6.82979e-05
0.00694879 7.76515e-05
0.006954 4.56886e-05
0.0069592 8.45411e-06
0.00696441 4.92066e-05
0.00696962 5.14527e-05
0.00697483 9.0406e-06
0.00698003 5.87421e-05
0.00698524 0.000116718
0.00699045 0.0001342
0.00699565 0.00010089
0.00700086 3.2464e-05
0.00700607 3.85039e-05
0.00701127 7.98564e-05
0.00701648 7.74603e-05
0.00702169 4.11094e-05
0.0070269 3.4598e-06
0.0070321 2.63743e-05
0.00703731 1.78079e-05
0.00704252 1.48908e-05
0.00704772 4.59667e-05
0.00705293 5.27454e-05
0.00705814 2.56667e-05
0.00706335 2.47413e-05
0.00706855 7.39299e-05
0.00707376 9.83089e-05
0.00707897 8.82056e-05
0.00708417 5.28596e-05
0.00708938 1.39636e-05
0.00709459 7.86283e-06
0.00709979 5.49868e-06
0.007105 1.34405e-05
0.00711021 2.75633e-05
0.00711542 2.25286e-05
0.00712062 3.55123e-06
0.00712583 3.51519e-05
0.00713104 5.21652e-05
0.00713624 4.04045e-05
0.00714145 4.82217e-06
0.00714666 3.80717e-05
0.00715186 5.63708e-05
0.00715707 3.51643e-05
0.00716228 2.14177e-05
0.00716749 8.63073e-05
0.00717269 0.000126656
0.0071779 0.000119138
0.00718311 6.47735e-05
0.00718831 1.28975e-05
0.00719352 7.23162e-05
0.00719873 8.95652e-05
0.00720393 5.95611e-05
0.00720914 4.4704e-06
0.00721435 4.13275e-05
0.00721956 4.87979e-05
0.00722476 1.46229e-05
0.00722997 4.55781e-05
0.00723518 8.90949e-05
0.00724038 9.00144e-05
0.00724559 4.21707e-05
0.0072508 3.35855e-05
0.00725601 0.000100045
0.00726121 0.00012531
0.00726642 9.93065e-05
0.00727163 3.91079e-05
0.00727683 2.16073e-05
0.00728204 5.11922e-05
0.00728725 3.83046e-05
0.00729245 3.70097e-06
0.00729766 4.58457e-05
0.00730287 6.16482e-05
0.00730808 4.29888e-05
0.00731328 6.07698e-06
0.00731849 2.87673e-05
0.0073237 3.18441e-05
0.0073289 3.76891e-06
0.00733411 3.68844e-05
0.00733932 5.92637e-05
0.00734452 4.189e-05
0.00734973 1.45187e-05
0.00735494 8.40627e-05
0.00736015 0.000131061
0.00736535 0.000128871
0.00737056 7.66192e-05
0.00737577 4.1238e-06
0.00738097 6.01785e-05
0.00738618 7.48922e-05
0.00739139 4.03985e-05
0.0073966 1.86044e-05
0.0074018 6.12402e-05
0.00740701 5.77504e-05
0.00741222 6.12749e-06
0.00741742 7.01159e-05
0.00742263 0.00012343
0.00742784 0.000121255
0.00743304 5.88258e-05
0.00743825 3.53379e-05
0.00744346 0.000113143
0.00744867 0.000134625
0.00745387 8.8995e-05
0.00745908 4.70663e-06
0.00746429 8.12794e-05
0.00746949 0.000114634
0.0074747 8.31596e-05
0.00747991 8.12737e-06
0.00748511 7.08489e-05
0.00749032 0.000105865
0.00749553 8.09003e-05
0.00750074 1.28376e-05
0.00750594 5.73768e-05
0.00751115 8.80931e-05
0.00751636 6.17801e-05
0.00752156 5.78082e-06
0.00752677 7.32453e-05
0.00753198 0.000100137
0.00753719 6.77232e-05
0.00754239 9.30141e-06
0.0075476 9.08606e-05
0.00755281 0.000135622
0.00755801 0.000122981
0.00756322 6.45097e-05
0.00756843 4.00063e-06
0.00757363 4.39547e-05
0.00757884 3.66793e-05
0.00758405 6.5078e-06
0.00758926 5.19602e-05
0.00759446 6.47459e-05
0.00759967 3.03475e-05
0.00760488 3.60239e-05
0.00761008 9.75285e-05
0.00761529 0.00011764
0.0076205 8.15509e-05
0.0076257 5.60551e-06
0.00763091 7.20747e-05
0.00763612 0.000112352
0.00764133 9.82534e-05
0.00764653 4.37316e-05
0.00765174 1.56009e-05
0.00765695 4.24186e-05
0.00766215 2.26691e-05
0.00766736 2.89493e-05
0.00767257 7.50703e-05
0.00767778 8.16846e-05
0.00768298 3.77654e-05
0.00768819 3.56669e-05
0.0076934 9.64332e-05
0.0076986 0.000105474
0.00770381 5.04212e-05
0.00770902 4.52937e-05
0.00771422 0.000133696
0.00771943 0.000168087
0.00772464 0.000128912
0.00772985 3.50877e-05
0.00773505 6.65635e-05
0.00774026 0.000125634
0.00774547 0.000117088
0.00775067 5.32174e-05
0.00775588 2.42827e-05
0.00776109 6.88751e-05
0.00776629 5.63854e-05
0.0077715 3.37216e-06
0.00777671 6.52584e-05
0.00778192 8.99179e-05
0.00778712 5.40821e-05
0.00779233 2.77929e-05
0.00779754 0.000111629
0.00780274 0.000149469
0.00780795 0.000116114
0.00781316 2.45298e-05
0.00781837 8.09768e-05
0.00782357 0.000148115
0.00782878 0.000145905
0.00783399 8.04507e-05
0.00783919 9.75614e-06
0.0078444 7.58023e-05
0.00784961 8.73644e-05
0.00785481 4.79454e-05
0.00786002 1.1096e-05
0.00786523 4.09754e-05
0.00787044 2.15894e-05
0.00787564 4.19729e-05
0.00788085 0.000111075
0.00788606 0.000143297
0.00789126 0.0001142
0.00789647 3.41837e-05
0.00790168 5.74915e-05
0.00790688 0.000112296
0.00791209 0.000103055
0.0079173 3.76495e-05
0.00792251 4.51998e-05
0.00792771 9.73431e-05
0.00793292 9.01576e-05
0.00793813 2.99934e-05
0.00794333 4.58117e-05
0.00794854 9.11152e-05
0.00795375 7.90463e-05
0.00795896 1.83274e-05
0.00796416 5.13507e-05
0.00796937 8.21324e-05
0.00797458 4.73979e-05
0.00797978 4.17137e-05
0.00798499 0.000138986
0.0079902 0.000190135
0.0079954 0.00016178
0.00800061 6.19225e-05
0.00800582 6.30454e-05
0.00801103 0.000152546
0.00801623 0.000164529
0.00802144 9.79077e-05
0.00802665 7.35568e-06
0.00803185 9.27858e-05
0.00803706 0.000113862
0.00804227 6.42586e-05
0.00804747 2.15893e-05
0.00805268 8.88173e-05
0.00805789 9.37109e-05
0.0080631 2.8736e-05
0.0080683 7.3543e-05
0.00807351 0.000157712
0.00807872 0.000177663
0.00808392 0.000121321
0.00808913 1.7359e-05
0.00809434 8.18884e-05
0.00809955 0.000127591
0.00810475 0.000102416
0.00810996 2.72848e-05
0.00811517 5.195e-05
0.00812037 9.11327e-05
0.00812558 7.25577e-05
0.00813079 1.34444e-05
0.00813599 4.68576e-05
0.0081412 6.90315e-05
0.00814641 3.93695e-05
0.00815162 2.46091e-05
0.00815682 8.29068e-05
0.00816203 9.97307e-05
0.00816724 6.25756e-05
0.00817244 9.86257e-06
0.00817765 7.70828e-05
0.00818286 0.000102598
0.00818806 7.20889e-05
0.00819327 2.03309e-06
0.00819848 7.08468e-05
0.00820369 0.000110975
0.00820889 0.000103891
0.0082141 6.29473e-05
0.00821931 1.93563e-05
0.00822451 1.72666e-06
0.00822972 1.85975e-05
0.00823493 5.2101e-05
0.00824014 6.99837e-05
0.00824534 4.58779e-05
0.00825055 2.3034e-05
0.00825576 0.00011205
0.00826096 0.00018151
0.00826617 0.000198743
0.00827138 0.00015677
0.00827658 7.87056e-05
0.00828179 6.23637e-06
0.008287 2.965e-05
0.00829221 1.39324e-05
0.00829741 3.20635e-05
0.00830262 7.09371e-05
0.00830783 7.02114e-05
0.00831303 2.21483e-05
0.00831824 5.13038e-05
0.00832345 0.000109357
0.00832865 0.000117312
0.00833386 6.62162e-05
0.00833907 2.0491e-05
0.00834428 9.87993e-05
0.00834948 0.000128009
0.00835469 9.28063e-05
0.0083599 1.17601e-05
0.0083651 7.35192e-05
0.00837031 0.000119931
0.00837552 0.000107237
0.00838073 4.73536e-05
0.00838593 2.3517e-05
0.00839114 6.53494e-05
0.00839635 5.73041e-05
0.00840155 9.30604e-06
0.00840676 5.28492e-05
0.00841197 8.6617e-05
0.00841717 7.51555e-05
0.00842238 2.58147e-05
0.00842759 3.24353e-05
0.0084328 6.63299e-05
0.008438 5.78106e-05
0.00844321 1.36427e-05
0.00844842 3.968e-05
0.00845362 7.19073e-05
0.00845883 6.73725e-05
0.00846404 3.34903e-05
0.00846924 5.26608e-06
0.00847445 1.98623e-05
0.00847966 1.72017e-06
0.00848487 4.50887e-05
0.00849007 8.69756e-05
0.00849528 9.81168e-05
0.00850049 6.68299e-05
0.00850569 5.23895e-06
0.0085109 5.70459e-05
0.00851611 8.93934e-05
0.00852132 7.73561e-05
0.00852652 3.06237e-05
0.00853173 2.38777e-05
0.00853694 5.48578e-05
0.00854214 4.82626e-05
0.00854735 1.18528e-05
0.00855256 2.94989e-05
0.00855776 4.86156e-05
0.00856297 3.34685e-05
0.00856818 6.08007e-06
0.00857339 4.35133e-05
0.00857859 5.22169e-05
0.0085838 2.13775e-05
0.00858901 3.73155e-05
0.00859421 9.27216e-05
0.00859942 0.000114445
0.00860463 8.75331e-05
0.00860983 2.2401e-05
0.00861504 5.47846e-05
0.00862025 0.000106619
0.00862546 0.000115433
0.00863066 8.44905e-05
0.00863587 3.67727e-05
0.00864108 6.94062e-06
0.00864628 1.20074e-05
0.00865149 4.5811e-06
0.0086567 2.31744e-05
0.00866191 2.34438e-05
0.00866711 8.95067e-06
0.00867232 6.04077e-05
0.00867753 0.000109925
0.00868273 0.000128775
0.00868794 0.000102466
0.00869315 3.86982e-05
0.00869835 3.64621e-05
0.00870356 9.03598e-05
0.00870877 0.000102419
0.00871398 7.24443e-05
0.00871918 1.98104e-05
0.00872439 2.81782e-05
0.0087296 5.10712e-05
0.0087348 4.51479e-05
0.00874001 2.29744e-05
0.00874522 4.06358e-06
0.00875042 1.82443e-06
0.00875563 1.37448e-05
0.00876084 2.91825e-05
0.00876605 3.05186e-05
0.00877125 8.82048e-06
0.00877646 3.05733e-05
0.00878167 7.04754e-05
0.00878687 9.17365e-05
0.00879208 8.4505e-05
0.00879729 5.41511e-05
0.0088025 1.82345e-05
0.0088077 4.5398e-06
0.00881291 3.61173e-06
0.00881812 1.72164e-05
0.00882332 3.75815e-05
0.00882853 4.03135e-05
0.00883374 1.72061e-05
0.00883894 2.51986e-05
0.00884415 6.50461e-05
0.00884936 8.18808e-05
0.00885457 6.49301e-05
0.00885977 2.08678e-05
0.00886498 3.14891e-05
0.00887019 6.64464e-05
0.00887539 7.10862e-05
0.0088806 4.74925e-05
0.00888581 1.243e-05
0.00889101 1.64799e-05
0.00889622 2.23833e-05
0.00890143 9.40365e-06
0.00890664 1.17403e-05
0.00891184 1.86657e-05
0.00891705 4.79733e-06
0.00892226 2.85543e-05
0.00892746 6.26977e-05
0.00893267 8.00766e-05
0.00893788 6.99299e-05
0.00894309 3.58085e-05
0.00894829 7.34999e-06
0.0089535 3.78492e-05
0.00895871 4.51766e-05
0.00896391 2.96718e-05
0.00896912 4.21235e-06
0.00897433 1.65256e-05
0.00897953 2.11236e-05
0.00898474 1.25151e-05
0.00898995 5.10862e-06
0.00899516 4.11376e-06
0.00900036 1.89893e-05
0.00900557 4.78901e-05
0.00901078 7.14967e-05
0.00901598 7.26528e-05
0.00902119 4.39884e-05
0.0090264 8.645e-06
0.0090316 6.08671e-05
0.00903681 9.4083e-05
0.00904202 9.37857e-05
0.00904723 6.25855e-05
0.00905243 1.79568e-05
0.00905764 1.67683e-05
0.00906285 2.42975e-05
0.00906805 2.90107e-06
0.00907326 3.81605e-05
0.00907847 7.44934e-05
0.00908368 8.93051e-05
0.00908888 7.62038e-05
0.00909409 4.29811e-05
0.0090993 6.95525e-06
0.0091045 1.6378e-05
0.00910971 1.69489e-05
0.00911492 3.30024e-06
0.00912012 2.55219e-05
0.00912533 4.12649e-05
0.00913054 4.01506e-05
0.00913575 2.25566e-05
0.00914095 3.86256e-06
0.00914616 2.77092e-05
0.00915137 4.22725e-05
0.00915657 4.58487e-05
0.00916178 4.21969e-05
0.00916699 3.6912e-05
0.00917219 3.35072e-05
0.0091774 3.15201e-05
0.00918261 2.79732e-05
0.00918782 2.0275e-05
0.00919302 8.27068e-06
0.00919823 5.48116e-06
0.00920344 1.72516e-05
0.00920864 2.45334e-05
0.00921385 2.75388e-05
0.00921906 2.88956e-05
0.00922427 3.18154e-05
0.00922947 3.77366e-05
0.00923468 4.46686e-05
0.00923989 4.78997e-05
0.00924509 4.27428e-05
0.0092503 2.74613e-05
0.00925551 5.34845e-06
0.00926071 1.95719e-05
0.00926592 3.6517e-05
0.00927113 4.07777e-05
0.00927634 3.04194e-05
0.00928154 8.62154e-06
0.00928675 2.02805e-05
0.00929196 4.58065e-05
0.00929716 6.21878e-05
0.00930237 6.46193e-05
0.00930758 5.17075e-05
0.00931278 2.57658e-05
0.00931799 8.46993e-06
0.0093232 4.11763e-05
0.00932841 6.58095e-05
0.00933361 7.62094e-05
0.00933882 7.10346e-05
0.00934403 5.40961e-05
0.00934923 3.28259e-05
0.00935444 1.49575e-05
0.00935965 4.90749e-06
0.00936486 2.024e-06
0.00937006 5.64757e-06
0.00937527 1.6589e-05
0.00938048 3.61565e-05
0.00938568 6.02209e-05
0.00939089 7.86908e-05
0.0093961 8.02256e-05
0.0094013 5.86642e-05
0.00940651 1.76338e-05
0.00941172 2.97893e-05
0.00941693 6.58062e-05
0.00942213 7.68754e-05
0.00942734 6.01249e-05
0.00943255 2.54151e-05
0.00943775 1.09254e-05
0.00944296 2.89577e-05
0.00944817 2.31781e-05
0.00945337 2.49368e-06
0.00945858 2.93049e-05
0.00946379 4.32539e-05
0.009469 3.41886e-05
0.0094742 5.85214e-06
0.00947941 2.69773e-05
0.00948462 4.60263e-05
0.00948982 3.94957e-05
0.00949503 8.34301e-06
0.00950024 3.57686e-05
0.00950545 7.32747e-05
0.00951065 9.02868e-05
0.00951586 8.2698e-05
0.00952107 5.75787e-05
0.00952627 2.80587e-05
0.00953148 5.70589e-06
0.00953669 5.67051e-06
0.00954189 9.14207e-06
0.0095471 1.21651e-05
0.00955231 2.03148e-05
0.00955752 3.25325e-05
0.00956272 4.12933e-05
0.00956793 3.82824e-05
0.00957314 2.04344e-05
0.00957834 8.10967e-06
0.00958355 3.44346e-05
0.00958876 4.92102e-05
0.00959396 4.80943e-05
0.00959917 3.65593e-05
0.00960438 2.65232e-05
0.00960959 2.82636e-05
0.00961479 4.32462e-05
0.00962 6.31684e-05
0.00962521 7.27899e-05
0.00963041 5.88379e-05
0.00963562 1.92335e-05
0.00964083 3.61635e-05
0.00964604 8.35505e-05
0.00965124 0.000104063
0.00965645 8.89677e-05
0.00966166 4.61846e-05
0.00966686 3.74504e-06
0.00967207 3.76561e-05
0.00967728 4.27867e-05
0.00968248 2.20345e-05
0.00968769 8.2156e-06
0.0096929 2.72462e-05
0.00969811 2.33068e-05
0.00970331 3.15077e-06
0.00970852 2.9471e-05
0.00971373 4.20478e-05
0.00971893 2.75035e-05
0.00972414 1.05766e-05
0.00972935 5.40194e-05
0.00973455 8.10968e-05
0.00973976 7.72406e-05
0.00974497 4.34446e-05
0.00975018 5.08365e-06
0.00975538 4.51857e-05
0.00976059 6.20136e-05
0.0097658 5.27586e-05
0.009771 2.86601e-05
0.00977621 7.35644e-06
0.00978142 2.14271e-06
0.00978663 8.00466e-06
0.00979183 2.35413e-05
0.00979704 3.14596e-05
0.00980225 2.36152e-05
0.00980745 5.35343e-06
0.00981266 2.0272e-05
0.00981787 2.87824e-05
0.00982307 1.86291e-05
0.00982828 4.30951e-06
0.00983349 2.3492e-05
0.0098387 2.48675e-05
0.0098439 3.82785e-06
0.00984911 2.99689e-05
0.00985432 5.60734e-05
0.00985952 5.63078e-05
0.00986473 2.54369e-05
0.00986994 2.39885e-05
0.00987514 6.69283e-05
0.00988035 7.93428e-05
0.00988556 5.16657e-05
0.00989077 4.82214e-06
0.00989597 6.29069e-05
0.00990118 9.36894e-05
0.00990639 8.18231e-05
0.00991159 3.39126e-05
0.0099168 2.51734e-05
0.00992201 6.57102e-05
0.00992722 6.94894e-05
0.00993242 3.91493e-05
0.00993763 4.04318e-06
0.00994284 3.28462e-05
0.00994804 3.00645e-05
0.00995325 3.869e-06
0.00995846 4.24319e-05
0.00996366 6.42457e-05
0.00996887 5.05101e-05
0.00997408 4.38935e-06
0.00997929 5.62474e-05
0.00998449 0.000101313
0.0099897 0.000113343
0.00999491 9.21832e-05
0.0100001 5.48291e-05
0.0100053 2.4136e-05
0.0100105 1.44636e-05
0.0100157 2.30634e-05
0.0100209 3.25306e-05
0.0100261 2.28877e-05
0.0100314 1.42549e-05
0.0100366 6.74939e-05
0.0100418 0.000111172
0.010047 0.000119021
0.0100522 8.08009e-05
0.0100574 1.05741e-05
0.0100626 5.91535e-05
0.0100678 9.32733e-05
0.010073 7.43494e-05
0.0100782 1.2553e-05
0.0100834 5.88783e-05
0.0100886 0.000101355
0.0100938 9.25624e-05
0.010099 3.94132e-05
0.0101043 2.53217e-05
0.0101095 6.0135e-05
0.0101147 3.93967e-05
0.0101199 3.22783e-05
0.0101251 0.000120488
0.0101303 0.000179293
0.0101355 0.000175561
0.0101407 0.000107413
0.0101459 7.39789e-06
0.0101511 8.22734e-05
0.0101563 0.000116873
0.0101615 8.85353e-05
0.0101667 2.10951e-05
0.0101719 4.2065e-05
0.0101772 6.11224e-05
0.0101824 2.39309e-05
0.0101876 5.38379e-05
0.0101928 0.00012423
0.010198 0.000149449
0.0102032 0.000111888
0.0102084 2.73912e-05
0.0102136 6.69635e-05
0.0102188 0.000125182
0.010224 0.000125009
0.0102292 7.2466e-05
0.0102344 4.39526e-06
0.0102396 6.11645e-05
0.0102448 8.11219e-05
0.0102501 6.28857e-05
0.0102553 2.8126e-05
0.0102605 5.04184e-06
0.0102657 7.82977e-06
0.0102709 3.19413e-05
0.0102761 5.72658e-05
0.0102813 5.91858e-05
0.0102865 2.64028e-05
0.0102917 3.18252e-05
0.0102969 9.03557e-05
0.0103021 0.000122394
0.0103073 0.000114538
0.0103125 7.40191e-05
0.0103177 2.39454e-05
0.0103229 1.0467e-05
0.0103282 1.62407e-05
0.0103334 5.52278e-06
0.0103386 2.29476e-05
0.0103438 2.524e-05
0.010349 1.56534e-06
0.0103542 4.02885e-05
0.0103594 7.71866e-05
0.0103646 8.87099e-05
0.0103698 6.74985e-05
0.010375 2.44211e-05
0.0103802 1.7889e-05
0.0103854 3.8334e-05
0.0103906 3.04152e-05
0.0103958 7.52419e-06
0.0104011 1.58818e-05
0.0104063 1.07173e-05
0.0104115 2.3349e-05
0.0104167 6.86419e-05
0.0104219 9.96684e-05
0.0104271 9.4307e-05
0.0104323 4.87526e-05
0.0104375 1.90909e-05
0.0104427 7.80397e-05
0.0104479 0.000100845
0.0104531 7.85401e-05
0.0104583 2.54608e-05
0.0104635 2.89328e-05
0.0104687 5.65201e-05
0.010474 4.60307e-05
0.0104792 9.12917e-06
0.0104844 2.94943e-05
0.0104896 4.16001e-05
0.0104948 1.79926e-05
0.0105 3.01229e-05
0.0105052 7.58127e-05
0.0105104 9.29463e-05
0.0105156 7.03003e-05
0.0105208 1.78747e-05
0.010526 3.97722e-05
0.0105312 7.68244e-05
0.0105364 8.17498e-05
0.0105416 6.18966e-05
0.0105469 3.75779e-05
0.0105521 2.8195e-05
0.0105573 3.97302e-05
0.0105625 6.07214e-05
0.0105677 6.92051e-05
0.0105729 4.73734e-05
0.0105781 6.28781e-06
0.0105833 7.2722e-05
0.0105885 0.000124288
0.0105937 0.000138044
0.0105989 0.000110455
0.0106041 5.99179e-05
0.0106093 1.67012e-05
0.0106145 5.74819e-06
0.0106198 3.08073e-05
0.010625 7.32373e-05
0.0106302 0.000100936
0.0106354 8.77459e-05
0.0106406 2.97883e-05
0.0106458 5.0672e-05
0.010651 0.000115023
0.0106562 0.0001299
0.0106614 8.50144e-05
